-2.000000000000000000e+01
-2.000000000000000000e+01
-2.032999999999999829e+01
-2.025000000000000000e+01
-2.019999999999999929e+01
-2.032999999999999829e+01
-2.042999999999999972e+01
-2.050000000000000000e+01
-2.055999999999999872e+01
-2.050000000000000000e+01
-2.055000000000000071e+01
-2.057999999999999829e+01
-2.053999999999999915e+01
-2.050000000000000000e+01
-2.046999999999999886e+01
-2.050000000000000000e+01
-2.053000000000000114e+01
-2.055999999999999872e+01
-2.057999999999999829e+01
-2.060000000000000142e+01
-2.062000000000000099e+01
-2.058999999999999986e+01
-2.060999999999999943e+01
-2.062000000000000099e+01
-2.060000000000000142e+01
-2.062000000000000099e+01
-2.058999999999999986e+01
-2.060999999999999943e+01
-2.058999999999999986e+01
-2.060000000000000142e+01
-2.060999999999999943e+01
-2.058999999999999986e+01
-2.060999999999999943e+01
-2.058999999999999986e+01
-2.060000000000000142e+01
-2.060999999999999943e+01
-2.062000000000000099e+01
-2.062999999999999901e+01
-2.062000000000000099e+01
-2.057000000000000028e+01
-2.058999999999999986e+01
-2.060000000000000142e+01
-2.057999999999999829e+01
-2.058999999999999986e+01
-2.060000000000000142e+01
-2.060999999999999943e+01
-2.060000000000000142e+01
-2.060000000000000142e+01
-2.060999999999999943e+01
-2.062000000000000099e+01
-2.058999999999999986e+01
-2.057999999999999829e+01
-2.057000000000000028e+01
-2.057000000000000028e+01
-2.053000000000000114e+01
-2.053999999999999915e+01
-2.053000000000000114e+01
-2.050000000000000000e+01
-2.046999999999999886e+01
-2.048000000000000043e+01
-2.046000000000000085e+01
-2.046999999999999886e+01
-2.046000000000000085e+01
-2.046999999999999886e+01
-2.044999999999999929e+01
-2.044999999999999929e+01
-2.042000000000000171e+01
-2.042999999999999972e+01
-2.041000000000000014e+01
-2.039999999999999858e+01
-2.041000000000000014e+01
-2.042000000000000171e+01
-2.041000000000000014e+01
-2.039000000000000057e+01
-2.039000000000000057e+01
-2.039000000000000057e+01
-2.037999999999999901e+01
-2.037000000000000099e+01
-2.037000000000000099e+01
-2.037999999999999901e+01
-2.035999999999999943e+01
-2.033999999999999986e+01
-2.035000000000000142e+01
-2.035000000000000142e+01
-2.032000000000000028e+01
-2.032999999999999829e+01
-2.032999999999999829e+01
-2.033999999999999986e+01
-2.032999999999999829e+01
-2.028999999999999915e+01
-2.026999999999999957e+01
-2.028000000000000114e+01
-2.028999999999999915e+01
-2.030000000000000071e+01
-2.028999999999999915e+01
-2.030000000000000071e+01
-2.030000000000000071e+01
-2.030999999999999872e+01
-2.026000000000000156e+01
-2.026000000000000156e+01
-2.025000000000000000e+01
-2.026000000000000156e+01
-2.025000000000000000e+01
-2.023000000000000043e+01
-2.023000000000000043e+01
-2.023000000000000043e+01
-2.021000000000000085e+01
-2.019999999999999929e+01
-2.017999999999999972e+01
-2.017999999999999972e+01
-2.014999999999999858e+01
-2.014999999999999858e+01
-2.014000000000000057e+01
-2.012000000000000099e+01
-2.010000000000000142e+01
-2.007999999999999829e+01
-2.005000000000000071e+01
-2.003000000000000114e+01
-2.001000000000000156e+01
-2.000000000000000000e+01
-1.998999999999999844e+01
-1.998000000000000043e+01
-1.996000000000000085e+01
-1.992000000000000171e+01
-1.992999999999999972e+01
-1.992999999999999972e+01
-1.992000000000000171e+01
-1.989999999999999858e+01
-1.989999999999999858e+01
-1.989000000000000057e+01
-1.985000000000000142e+01
-1.985999999999999943e+01
-1.983999999999999986e+01
-1.982000000000000028e+01
-1.980000000000000071e+01
-1.980000000000000071e+01
-1.976999999999999957e+01
-1.975000000000000000e+01
-1.976000000000000156e+01
-1.978000000000000114e+01
-1.978000000000000114e+01
-1.976000000000000156e+01
-1.976000000000000156e+01
-1.973000000000000043e+01
-1.971999999999999886e+01
-1.969000000000000128e+01
-1.969999999999999929e+01
-1.967999999999999972e+01
-1.967000000000000171e+01
-1.966000000000000014e+01
-1.964000000000000057e+01
-1.960999999999999943e+01
-1.960999999999999943e+01
-1.958999999999999986e+01
-1.960999999999999943e+01
-1.958999999999999986e+01
-1.957000000000000028e+01
-1.955999999999999872e+01
-1.955000000000000071e+01
-1.948999999999999844e+01
-1.948000000000000043e+01
-1.946000000000000085e+01
-1.939000000000000057e+01
-1.939000000000000057e+01
-1.941000000000000014e+01
-1.937000000000000099e+01
-1.937999999999999901e+01
-1.935000000000000142e+01
-1.935000000000000142e+01
-1.932999999999999829e+01
-1.932999999999999829e+01
-1.932000000000000028e+01
-1.930000000000000071e+01
-1.928999999999999915e+01
-1.928999999999999915e+01
-1.926000000000000156e+01
-1.926000000000000156e+01
-1.923999999999999844e+01
-1.925000000000000000e+01
-1.923000000000000043e+01
-1.921999999999999886e+01
-1.921999999999999886e+01
-1.917999999999999972e+01
-1.916000000000000014e+01
-1.910999999999999943e+01
-1.908999999999999986e+01
-1.905000000000000071e+01
-1.901999999999999957e+01
-1.901999999999999957e+01
-1.903999999999999915e+01
-1.901999999999999957e+01
-1.900000000000000000e+01
-1.892000000000000171e+01
-1.891000000000000014e+01
-1.891000000000000014e+01
-1.887999999999999901e+01
-1.887000000000000099e+01
-1.885000000000000142e+01
-1.889000000000000057e+01
-1.887999999999999901e+01
-1.882999999999999829e+01
-1.880999999999999872e+01
-1.880000000000000071e+01
-1.880000000000000071e+01
-1.878999999999999915e+01
-1.875000000000000000e+01
-1.873000000000000043e+01
-1.867999999999999972e+01
-1.866000000000000014e+01
-1.862000000000000099e+01
-1.860999999999999943e+01
-1.857999999999999829e+01
-1.855999999999999872e+01
-1.855000000000000071e+01
-1.855000000000000071e+01
-1.848000000000000043e+01
-1.848000000000000043e+01
-1.844000000000000128e+01
-1.841000000000000014e+01
-1.841000000000000014e+01
-1.839000000000000057e+01
-1.837999999999999901e+01
-1.835000000000000142e+01
-1.835999999999999943e+01
-1.828999999999999915e+01
-1.826999999999999957e+01
-1.826999999999999957e+01
-1.828000000000000114e+01
-1.826000000000000156e+01
-1.821999999999999886e+01
-1.823000000000000043e+01
-1.821999999999999886e+01
-1.819999999999999929e+01
-1.817999999999999972e+01
-1.817999999999999972e+01
-1.814999999999999858e+01
-1.817000000000000171e+01
-1.814000000000000057e+01
-1.810999999999999943e+01
-1.807999999999999829e+01
-1.807999999999999829e+01
-1.807999999999999829e+01
-1.803999999999999915e+01
-1.803999999999999915e+01
-1.794999999999999929e+01
-1.789999999999999858e+01
-1.783999999999999986e+01
-1.780000000000000071e+01
-1.780999999999999872e+01
-1.778000000000000114e+01
-1.780000000000000071e+01
-1.780999999999999872e+01
-1.775000000000000000e+01
-1.776000000000000156e+01
-1.775000000000000000e+01
-1.773000000000000043e+01
-1.769999999999999929e+01
-1.773000000000000043e+01
-1.775000000000000000e+01
-1.775000000000000000e+01
-1.775000000000000000e+01
-1.769000000000000128e+01
-1.773999999999999844e+01
-1.769000000000000128e+01
-1.762000000000000099e+01
-1.762999999999999901e+01
-1.762000000000000099e+01
-1.762000000000000099e+01
-1.757000000000000028e+01
-1.757000000000000028e+01
-1.751000000000000156e+01
-1.744999999999999929e+01
-1.744000000000000128e+01
-1.737999999999999901e+01
-1.735999999999999943e+01
-1.735999999999999943e+01
-1.730999999999999872e+01
-1.728000000000000114e+01
-1.717000000000000171e+01
-1.714000000000000057e+01
-1.710000000000000142e+01
-1.708999999999999986e+01
-1.707999999999999829e+01
-1.708999999999999986e+01
-1.707999999999999829e+01
-1.703999999999999915e+01
-1.705999999999999872e+01
-1.705000000000000071e+01
-1.694999999999999929e+01
-1.689000000000000057e+01
-1.691000000000000014e+01
-1.691000000000000014e+01
-1.692999999999999972e+01
-1.687999999999999901e+01
-1.676999999999999957e+01
-1.676000000000000156e+01
-1.673000000000000043e+01
-1.671999999999999886e+01
-1.666000000000000014e+01
-1.664999999999999858e+01
-1.667000000000000171e+01
-1.666000000000000014e+01
-1.662999999999999901e+01
-1.658999999999999986e+01
-1.655000000000000071e+01
-1.653000000000000114e+01
-1.651999999999999957e+01
-1.655000000000000071e+01
-1.655000000000000071e+01
-1.651999999999999957e+01
-1.653999999999999915e+01
-1.653999999999999915e+01
-1.651999999999999957e+01
-1.653999999999999915e+01
-1.644999999999999929e+01
-1.650000000000000000e+01
-1.646000000000000085e+01
-1.644999999999999929e+01
-1.644999999999999929e+01
-1.637000000000000099e+01
-1.625000000000000000e+01
-1.617999999999999972e+01
-1.616000000000000014e+01
-1.610000000000000142e+01
-1.612999999999999901e+01
-1.601999999999999957e+01
-1.592999999999999972e+01
-1.590000000000000036e+01
-1.581000000000000050e+01
-1.584999999999999964e+01
-1.583999999999999986e+01
-1.581000000000000050e+01
-1.575999999999999979e+01
-1.575000000000000000e+01
-1.564000000000000057e+01
-1.559999999999999964e+01
-1.551999999999999957e+01
-1.550000000000000000e+01
-1.550000000000000000e+01
-1.547000000000000064e+01
-1.539000000000000057e+01
-1.528999999999999915e+01
-1.522000000000000064e+01
-1.518999999999999950e+01
-1.516999999999999993e+01
-1.510999999999999943e+01
-1.513000000000000078e+01
-1.510999999999999943e+01
-1.502999999999999936e+01
-1.501999999999999957e+01
-1.497000000000000064e+01
-1.498000000000000043e+01
-1.501999999999999957e+01
-1.494999999999999929e+01
-1.490000000000000036e+01
-1.484999999999999964e+01
-1.480000000000000071e+01
-1.475000000000000000e+01
-1.469999999999999929e+01
-1.465000000000000036e+01
-1.458000000000000007e+01
-1.464000000000000057e+01
-1.460999999999999943e+01
-1.458999999999999986e+01
-1.458000000000000007e+01
-1.448000000000000043e+01
-1.446000000000000085e+01
-1.439000000000000057e+01
-1.434999999999999964e+01
-1.433999999999999986e+01
-1.433999999999999986e+01
-1.434999999999999964e+01
-1.430000000000000071e+01
-1.413000000000000078e+01
-1.402999999999999936e+01
-1.389000000000000057e+01
-1.384999999999999964e+01
-1.383000000000000007e+01
-1.386999999999999922e+01
-1.389000000000000057e+01
-1.383999999999999986e+01
-1.383999999999999986e+01
-1.371000000000000085e+01
-1.363000000000000078e+01
-1.361999999999999922e+01
-1.361999999999999922e+01
-1.356000000000000050e+01
-1.353999999999999915e+01
-1.356000000000000050e+01
-1.358999999999999986e+01
-1.356000000000000050e+01
-1.343999999999999950e+01
-1.343999999999999950e+01
-1.338000000000000078e+01
-1.340000000000000036e+01
-1.333000000000000007e+01
-1.333000000000000007e+01
-1.327999999999999936e+01
-1.328999999999999915e+01
-1.321000000000000085e+01
-1.318999999999999950e+01
-1.316999999999999993e+01
-1.311999999999999922e+01
-1.307000000000000028e+01
-1.282000000000000028e+01
-1.267999999999999972e+01
-1.260999999999999943e+01
-1.250999999999999979e+01
-1.241000000000000014e+01
-1.236999999999999922e+01
-1.230000000000000071e+01
-1.219999999999999929e+01
-1.221000000000000085e+01
-1.208000000000000007e+01
-1.202999999999999936e+01
-1.200999999999999979e+01
-1.189000000000000057e+01
-1.186999999999999922e+01
-1.184999999999999964e+01
-1.183999999999999986e+01
-1.192999999999999972e+01
-1.200000000000000000e+01
-1.191000000000000014e+01
-1.183000000000000007e+01
-1.174000000000000021e+01
-1.178999999999999915e+01
-1.183999999999999986e+01
-1.182000000000000028e+01
-1.190000000000000036e+01
-1.177999999999999936e+01
-1.171000000000000085e+01
-1.155000000000000071e+01
-1.144999999999999929e+01
-1.143999999999999950e+01
-1.152999999999999936e+01
-1.136999999999999922e+01
-1.140000000000000036e+01
-1.141000000000000014e+01
-1.133999999999999986e+01
-1.109999999999999964e+01
-1.113000000000000078e+01
-1.115000000000000036e+01
-1.118999999999999950e+01
-1.115000000000000036e+01
-1.117999999999999972e+01
-1.115000000000000036e+01
-1.107000000000000028e+01
-1.099000000000000021e+01
-1.090000000000000036e+01
-1.089000000000000057e+01
-1.083999999999999986e+01
-1.067999999999999972e+01
-1.058000000000000007e+01
-1.060999999999999943e+01
-1.060999999999999943e+01
-1.061999999999999922e+01
-1.068999999999999950e+01
-1.067999999999999972e+01
-1.061999999999999922e+01
-1.059999999999999964e+01
-1.060999999999999943e+01
-1.053999999999999915e+01
-1.051999999999999957e+01
-1.056000000000000050e+01
-1.051999999999999957e+01
-1.057000000000000028e+01
-1.051999999999999957e+01
-1.053999999999999915e+01
-1.059999999999999964e+01
-1.053999999999999915e+01
-1.052999999999999936e+01
-1.047000000000000064e+01
-1.041000000000000014e+01
-1.053999999999999915e+01
-1.050999999999999979e+01
-1.057000000000000028e+01
-1.058999999999999986e+01
-1.060999999999999943e+01
-1.052999999999999936e+01
-1.055000000000000071e+01
-1.057000000000000028e+01
-1.051999999999999957e+01
-1.039000000000000057e+01
-1.036999999999999922e+01
-1.032000000000000028e+01
-1.031000000000000050e+01
-1.019999999999999929e+01
-1.003999999999999915e+01
-1.003999999999999915e+01
-9.990000000000000213e+00
-9.929999999999999716e+00
-1.000999999999999979e+01
-1.003999999999999915e+01
-9.939999999999999503e+00
-9.880000000000000782e+00
-9.859999999999999432e+00
-9.779999999999999361e+00
-9.750000000000000000e+00
-9.800000000000000711e+00
-9.730000000000000426e+00
-9.679999999999999716e+00
-9.630000000000000782e+00
-9.500000000000000000e+00
-9.439999999999999503e+00
-9.580000000000000071e+00
-9.640000000000000568e+00
-9.589999999999999858e+00
-9.589999999999999858e+00
-9.560000000000000497e+00
-9.599999999999999645e+00
-9.589999999999999858e+00
-9.630000000000000782e+00
-9.519999999999999574e+00
-9.419999999999999929e+00
-9.519999999999999574e+00
-9.519999999999999574e+00
-9.480000000000000426e+00
-9.419999999999999929e+00
-9.359999999999999432e+00
-9.359999999999999432e+00
-9.330000000000000071e+00
-9.220000000000000639e+00
-9.220000000000000639e+00
-9.269999999999999574e+00
-9.119999999999999218e+00
-9.080000000000000071e+00
-9.009999999999999787e+00
-8.960000000000000853e+00
-8.810000000000000497e+00
-8.880000000000000782e+00
-8.960000000000000853e+00
-9.119999999999999218e+00
-9.220000000000000639e+00
-9.130000000000000782e+00
-8.880000000000000782e+00
-8.919999999999999929e+00
-8.859999999999999432e+00
-8.779999999999999361e+00
-8.699999999999999289e+00
-8.900000000000000355e+00
-8.789999999999999147e+00
-8.779999999999999361e+00
-8.640000000000000568e+00
-8.619999999999999218e+00
-8.490000000000000213e+00
-8.550000000000000711e+00
-8.410000000000000142e+00
-8.429999999999999716e+00
-8.480000000000000426e+00
-8.470000000000000639e+00
-8.460000000000000853e+00
-8.480000000000000426e+00
-8.460000000000000853e+00
-8.310000000000000497e+00
-8.310000000000000497e+00
-8.320000000000000284e+00
-8.259999999999999787e+00
-8.250000000000000000e+00
-8.240000000000000213e+00
-8.169999999999999929e+00
-8.189999999999999503e+00
-8.080000000000000071e+00
-8.029999999999999361e+00
-7.950000000000000178e+00
-7.950000000000000178e+00
-7.969999999999999751e+00
-7.830000000000000071e+00
-7.669999999999999929e+00
-7.639999999999999680e+00
-7.549999999999999822e+00
-7.400000000000000355e+00
-7.349999999999999645e+00
-7.389999999999999680e+00
-7.179999999999999716e+00
-7.200000000000000178e+00
-7.169999999999999929e+00
-7.110000000000000320e+00
-7.000000000000000000e+00
-7.070000000000000284e+00
-6.969999999999999751e+00
-6.919999999999999929e+00
-6.860000000000000320e+00
-6.990000000000000213e+00
-6.919999999999999929e+00
-6.919999999999999929e+00
-6.830000000000000071e+00
-6.870000000000000107e+00
-6.950000000000000178e+00
-6.900000000000000355e+00
-6.839999999999999858e+00
-6.719999999999999751e+00
-6.620000000000000107e+00
-6.509999999999999787e+00
-6.509999999999999787e+00
-6.410000000000000142e+00
-6.400000000000000355e+00
-6.330000000000000071e+00
-6.370000000000000107e+00
-6.299999999999999822e+00
-6.349999999999999645e+00
-6.219999999999999751e+00
-6.259999999999999787e+00
-6.290000000000000036e+00
-6.110000000000000320e+00
-6.120000000000000107e+00
-6.099999999999999645e+00
-6.080000000000000071e+00
-6.059999999999999609e+00
-6.110000000000000320e+00
-6.049999999999999822e+00
-5.860000000000000320e+00
-5.700000000000000178e+00
-5.599999999999999645e+00
-5.669999999999999929e+00
-5.580000000000000071e+00
-5.410000000000000142e+00
-5.440000000000000391e+00
-5.400000000000000355e+00
-5.200000000000000178e+00
-5.139999999999999680e+00
-5.110000000000000320e+00
-4.990000000000000213e+00
-4.980000000000000426e+00
-5.000000000000000000e+00
-5.080000000000000071e+00
-5.019999999999999574e+00
-5.000000000000000000e+00
-4.820000000000000284e+00
-4.780000000000000249e+00
-4.599999999999999645e+00
-4.379999999999999893e+00
-4.299999999999999822e+00
-4.120000000000000107e+00
-4.139999999999999680e+00
-4.259999999999999787e+00
-4.309999999999999609e+00
-4.190000000000000391e+00
-4.179999999999999716e+00
-4.160000000000000142e+00
-4.070000000000000284e+00
-4.059999999999999609e+00
-4.009999999999999787e+00
-3.959999999999999964e+00
-3.990000000000000213e+00
-3.950000000000000178e+00
-3.910000000000000142e+00
-4.049999999999999822e+00
-4.009999999999999787e+00
-3.970000000000000195e+00
-3.799999999999999822e+00
-3.779999999999999805e+00
-3.720000000000000195e+00
-3.709999999999999964e+00
-3.640000000000000124e+00
-3.569999999999999840e+00
-3.439999999999999947e+00
-3.399999999999999911e+00
-3.299999999999999822e+00
-3.180000000000000160e+00
-3.200000000000000178e+00
-2.919999999999999929e+00
-2.970000000000000195e+00
-2.970000000000000195e+00
-2.830000000000000071e+00
-2.819999999999999840e+00
-2.720000000000000195e+00
-2.810000000000000053e+00
-2.919999999999999929e+00
-2.660000000000000142e+00
-2.609999999999999876e+00
-2.680000000000000160e+00
-2.759999999999999787e+00
-2.560000000000000053e+00
-2.709999999999999964e+00
-2.589999999999999858e+00
-2.569999999999999840e+00
-2.399999999999999911e+00
-2.350000000000000089e+00
-2.180000000000000160e+00
-2.089999999999999858e+00
-1.989999999999999991e+00
-1.790000000000000036e+00
-1.770000000000000018e+00
-1.719999999999999973e+00
-1.689999999999999947e+00
-1.560000000000000053e+00
-1.469999999999999973e+00
-1.350000000000000089e+00
-1.300000000000000044e+00
-1.129999999999999893e+00
-1.209999999999999964e+00
-1.149999999999999911e+00
-1.100000000000000089e+00
-1.000000000000000000e+00
-1.090000000000000080e+00
-9.000000000000000222e-01
-1.020000000000000018e+00
-9.499999999999999556e-01
-7.299999999999999822e-01
-6.800000000000000488e-01
-8.299999999999999600e-01
-5.600000000000000533e-01
-4.899999999999999911e-01
-5.400000000000000355e-01
-4.600000000000000200e-01
-3.400000000000000244e-01
-2.899999999999999800e-01
-1.499999999999999944e-01
-8.000000000000000167e-02
-5.999999999999999778e-02
-8.000000000000000167e-02
2.000000000000000042e-02
2.999999999999999889e-02
-4.000000000000000083e-02
2.000000000000000042e-02
1.499999999999999944e-01
1.799999999999999933e-01
8.999999999999999667e-02
7.000000000000000666e-02
2.000000000000000111e-01
2.700000000000000178e-01
3.499999999999999778e-01
1.900000000000000022e-01
2.200000000000000011e-01
3.099999999999999978e-01
4.899999999999999911e-01
5.600000000000000533e-01
5.100000000000000089e-01
5.500000000000000444e-01
4.799999999999999822e-01
6.400000000000000133e-01
8.299999999999999600e-01
8.199999999999999512e-01
7.600000000000000089e-01
9.599999999999999645e-01
1.139999999999999902e+00
1.189999999999999947e+00
1.409999999999999920e+00
1.550000000000000044e+00
1.659999999999999920e+00
1.689999999999999947e+00
1.709999999999999964e+00
1.760000000000000009e+00
1.889999999999999902e+00
1.969999999999999973e+00
2.069999999999999840e+00
2.290000000000000036e+00
2.399999999999999911e+00
2.569999999999999840e+00
2.560000000000000053e+00
2.720000000000000195e+00
2.729999999999999982e+00
2.939999999999999947e+00
2.810000000000000053e+00
2.959999999999999964e+00
2.979999999999999982e+00
3.100000000000000089e+00
3.180000000000000160e+00
3.020000000000000018e+00
3.120000000000000107e+00
3.069999999999999840e+00
3.100000000000000089e+00
3.319999999999999840e+00
3.430000000000000160e+00
3.569999999999999840e+00
3.689999999999999947e+00
3.870000000000000107e+00
4.070000000000000284e+00
4.129999999999999893e+00
4.219999999999999751e+00
4.230000000000000426e+00
4.480000000000000426e+00
4.480000000000000426e+00
4.610000000000000320e+00
4.740000000000000213e+00
4.919999999999999929e+00
5.000000000000000000e+00
5.139999999999999680e+00
5.230000000000000426e+00
5.360000000000000320e+00
5.419999999999999929e+00
5.389999999999999680e+00
5.469999999999999751e+00
5.519999999999999574e+00
5.629999999999999893e+00
5.669999999999999929e+00
5.700000000000000178e+00
5.799999999999999822e+00
5.959999999999999964e+00
5.799999999999999822e+00
6.000000000000000000e+00
6.160000000000000142e+00
6.280000000000000249e+00
6.209999999999999964e+00
6.330000000000000071e+00
6.360000000000000320e+00
6.509999999999999787e+00
6.589999999999999858e+00
6.620000000000000107e+00
6.759999999999999787e+00
6.900000000000000355e+00
6.919999999999999929e+00
6.900000000000000355e+00
6.879999999999999893e+00
6.959999999999999964e+00
6.910000000000000142e+00
6.959999999999999964e+00
7.070000000000000284e+00
7.240000000000000213e+00
7.280000000000000249e+00
7.309999999999999609e+00
7.269999999999999574e+00
7.230000000000000426e+00
7.459999999999999964e+00
7.389999999999999680e+00
7.349999999999999645e+00
7.309999999999999609e+00
7.559999999999999609e+00
7.530000000000000249e+00
7.570000000000000284e+00
7.690000000000000391e+00
7.700000000000000178e+00
8.019999999999999574e+00
8.230000000000000426e+00
8.220000000000000639e+00
8.189999999999999503e+00
8.310000000000000497e+00
8.359999999999999432e+00
8.429999999999999716e+00
8.490000000000000213e+00
8.349999999999999645e+00
8.359999999999999432e+00
8.289999999999999147e+00
8.449999999999999289e+00
8.330000000000000071e+00
8.189999999999999503e+00
8.140000000000000568e+00
7.950000000000000178e+00
7.879999999999999893e+00
7.959999999999999964e+00
8.009999999999999787e+00
7.940000000000000391e+00
7.940000000000000391e+00
7.980000000000000426e+00
7.950000000000000178e+00
8.039999999999999147e+00
8.019999999999999574e+00
8.080000000000000071e+00
8.029999999999999361e+00
8.060000000000000497e+00
8.130000000000000782e+00
8.210000000000000853e+00
8.140000000000000568e+00
8.119999999999999218e+00
8.089999999999999858e+00
8.230000000000000426e+00
8.279999999999999361e+00
8.369999999999999218e+00
8.650000000000000355e+00
8.619999999999999218e+00
8.669999999999999929e+00
8.800000000000000711e+00
8.789999999999999147e+00
8.720000000000000639e+00
8.859999999999999432e+00
8.939999999999999503e+00
9.000000000000000000e+00
9.009999999999999787e+00
8.939999999999999503e+00
8.910000000000000142e+00
9.019999999999999574e+00
9.050000000000000711e+00
9.050000000000000711e+00
9.080000000000000071e+00
9.009999999999999787e+00
8.939999999999999503e+00
8.869999999999999218e+00
8.849999999999999645e+00
8.779999999999999361e+00
8.779999999999999361e+00
8.640000000000000568e+00
8.750000000000000000e+00
8.880000000000000782e+00
8.900000000000000355e+00
8.960000000000000853e+00
8.929999999999999716e+00
8.900000000000000355e+00
8.869999999999999218e+00
8.839999999999999858e+00
8.960000000000000853e+00
8.939999999999999503e+00
8.980000000000000426e+00
8.910000000000000142e+00
8.949999999999999289e+00
8.980000000000000426e+00
8.990000000000000213e+00
9.119999999999999218e+00
9.150000000000000355e+00
9.080000000000000071e+00
9.029999999999999361e+00
9.060000000000000497e+00
9.070000000000000284e+00
9.150000000000000355e+00
9.080000000000000071e+00
9.099999999999999645e+00
9.220000000000000639e+00
9.259999999999999787e+00
9.240000000000000213e+00
9.169999999999999929e+00
9.289999999999999147e+00
9.019999999999999574e+00
9.039999999999999147e+00
9.070000000000000284e+00
9.039999999999999147e+00
9.279999999999999361e+00
9.289999999999999147e+00
9.400000000000000355e+00
9.380000000000000782e+00
9.429999999999999716e+00
9.480000000000000426e+00
9.400000000000000355e+00
9.349999999999999645e+00
9.310000000000000497e+00
9.339999999999999858e+00
9.369999999999999218e+00
9.330000000000000071e+00
9.269999999999999574e+00
9.330000000000000071e+00
9.089999999999999858e+00
9.140000000000000568e+00
9.220000000000000639e+00
9.230000000000000426e+00
9.390000000000000568e+00
9.490000000000000213e+00
9.580000000000000071e+00
9.750000000000000000e+00
9.890000000000000568e+00
1.005000000000000071e+01
1.016000000000000014e+01
1.008999999999999986e+01
1.019999999999999929e+01
1.048000000000000043e+01
1.043999999999999950e+01
1.046000000000000085e+01
1.046000000000000085e+01
1.043999999999999950e+01
1.044999999999999929e+01
1.048000000000000043e+01
1.048000000000000043e+01
1.058000000000000007e+01
1.050999999999999979e+01
1.046000000000000085e+01
1.053999999999999915e+01
1.073000000000000043e+01
1.082000000000000028e+01
1.075999999999999979e+01
1.078999999999999915e+01
1.064000000000000057e+01
1.066999999999999993e+01
1.077999999999999936e+01
1.081000000000000050e+01
1.085999999999999943e+01
1.084999999999999964e+01
1.077999999999999936e+01
1.071000000000000085e+01
1.066999999999999993e+01
1.058000000000000007e+01
1.057000000000000028e+01
1.059999999999999964e+01
1.065000000000000036e+01
1.077999999999999936e+01
1.068999999999999950e+01
1.072000000000000064e+01
1.069999999999999929e+01
1.067999999999999972e+01
1.078999999999999915e+01
1.072000000000000064e+01
1.076999999999999957e+01
1.082000000000000028e+01
1.088000000000000078e+01
1.102999999999999936e+01
1.089000000000000057e+01
1.075000000000000000e+01
1.077999999999999936e+01
1.081000000000000050e+01
1.088000000000000078e+01
1.103999999999999915e+01
1.108999999999999986e+01
1.108999999999999986e+01
1.116000000000000014e+01
1.113000000000000078e+01
1.106000000000000050e+01
1.115000000000000036e+01
1.117999999999999972e+01
1.116000000000000014e+01
1.108999999999999986e+01
1.106000000000000050e+01
1.113000000000000078e+01
1.107000000000000028e+01
1.116999999999999993e+01
1.125000000000000000e+01
1.118999999999999950e+01
1.115000000000000036e+01
1.116999999999999993e+01
1.114000000000000057e+01
1.116999999999999993e+01
1.118999999999999950e+01
1.108999999999999986e+01
1.108999999999999986e+01
1.114000000000000057e+01
1.133999999999999986e+01
1.133999999999999986e+01
1.139000000000000057e+01
1.141000000000000014e+01
1.133999999999999986e+01
1.138000000000000078e+01
1.142999999999999972e+01
1.141000000000000014e+01
1.142999999999999972e+01
1.142999999999999972e+01
1.146000000000000085e+01
1.141000000000000014e+01
1.144999999999999929e+01
1.142999999999999972e+01
1.141999999999999993e+01
1.138000000000000078e+01
1.147000000000000064e+01
1.150999999999999979e+01
1.176999999999999957e+01
1.183999999999999986e+01
1.183000000000000007e+01
1.189000000000000057e+01
1.183000000000000007e+01
1.188000000000000078e+01
1.186999999999999922e+01
1.186999999999999922e+01
1.172000000000000064e+01
1.177999999999999936e+01
1.167999999999999972e+01
1.172000000000000064e+01
1.174000000000000021e+01
1.168999999999999950e+01
1.164000000000000057e+01
1.151999999999999957e+01
1.148000000000000043e+01
1.157000000000000028e+01
1.165000000000000036e+01
1.163000000000000078e+01
1.168999999999999950e+01
1.157000000000000028e+01
1.160999999999999943e+01
1.167999999999999972e+01
1.158999999999999986e+01
1.155000000000000071e+01
1.155000000000000071e+01
1.157000000000000028e+01
1.163000000000000078e+01
1.174000000000000021e+01
1.157000000000000028e+01
1.147000000000000064e+01
1.133000000000000007e+01
1.135999999999999943e+01
1.117999999999999972e+01
1.125999999999999979e+01
1.131000000000000050e+01
1.127999999999999936e+01
1.135999999999999943e+01
1.135999999999999943e+01
1.138000000000000078e+01
1.142999999999999972e+01
1.131000000000000050e+01
1.136999999999999922e+01
1.133000000000000007e+01
1.133999999999999986e+01
1.140000000000000036e+01
1.135999999999999943e+01
1.134999999999999964e+01
1.126999999999999957e+01
1.131000000000000050e+01
1.126999999999999957e+01
1.125000000000000000e+01
1.132000000000000028e+01
1.136999999999999922e+01
1.127999999999999936e+01
1.116999999999999993e+01
1.113000000000000078e+01
1.100000000000000000e+01
1.096000000000000085e+01
1.099000000000000021e+01
1.076999999999999957e+01
1.080000000000000071e+01
1.080000000000000071e+01
1.081000000000000050e+01
1.076999999999999957e+01
1.082000000000000028e+01
1.066000000000000014e+01
1.074000000000000021e+01
1.071000000000000085e+01
1.074000000000000021e+01
1.068999999999999950e+01
1.050999999999999979e+01
1.047000000000000064e+01
1.049000000000000021e+01
1.056000000000000050e+01
1.061999999999999922e+01
1.042999999999999972e+01
1.046000000000000085e+01
1.038000000000000078e+01
1.042999999999999972e+01
1.039000000000000057e+01
1.050000000000000000e+01
1.052999999999999936e+01
1.043999999999999950e+01
1.041999999999999993e+01
1.040000000000000036e+01
1.025999999999999979e+01
1.028999999999999915e+01
1.024000000000000021e+01
1.023000000000000043e+01
1.023000000000000043e+01
1.033000000000000007e+01
1.036999999999999922e+01
1.040000000000000036e+01
1.034999999999999964e+01
1.044999999999999929e+01
1.051999999999999957e+01
1.050000000000000000e+01
1.039000000000000057e+01
1.017999999999999972e+01
1.016999999999999993e+01
9.990000000000000213e+00
9.919999999999999929e+00
9.960000000000000853e+00
9.910000000000000142e+00
9.949999999999999289e+00
9.859999999999999432e+00
9.869999999999999218e+00
9.800000000000000711e+00
9.910000000000000142e+00
9.839999999999999858e+00
9.800000000000000711e+00
9.599999999999999645e+00
9.750000000000000000e+00
9.939999999999999503e+00
9.949999999999999289e+00
9.900000000000000355e+00
9.779999999999999361e+00
9.830000000000000071e+00
9.849999999999999645e+00
9.939999999999999503e+00
9.960000000000000853e+00
9.970000000000000639e+00
1.009999999999999964e+01
1.016999999999999993e+01
1.008999999999999986e+01
9.990000000000000213e+00
9.929999999999999716e+00
1.001999999999999957e+01
1.016000000000000014e+01
1.018999999999999950e+01
1.030000000000000071e+01
1.027999999999999936e+01
1.039000000000000057e+01
1.047000000000000064e+01
1.044999999999999929e+01
1.046000000000000085e+01
1.050000000000000000e+01
1.049000000000000021e+01
1.042999999999999972e+01
1.039000000000000057e+01
1.031000000000000050e+01
1.027999999999999936e+01
1.032000000000000028e+01
1.026999999999999957e+01
1.021000000000000085e+01
1.015000000000000036e+01
1.024000000000000021e+01
1.023000000000000043e+01
1.025000000000000000e+01
1.018999999999999950e+01
1.025999999999999979e+01
1.025999999999999979e+01
1.021000000000000085e+01
1.030000000000000071e+01
1.032000000000000028e+01
1.023000000000000043e+01
1.035999999999999943e+01
1.041000000000000014e+01
1.040000000000000036e+01
1.061999999999999922e+01
1.066000000000000014e+01
1.065000000000000036e+01
1.066999999999999993e+01
1.067999999999999972e+01
1.071000000000000085e+01
1.092999999999999972e+01
1.090000000000000036e+01
1.083000000000000007e+01
1.092999999999999972e+01
1.091999999999999993e+01
1.103999999999999915e+01
1.114000000000000057e+01
1.115000000000000036e+01
1.115000000000000036e+01
1.110999999999999943e+01
1.127999999999999936e+01
1.125999999999999979e+01
1.142999999999999972e+01
1.140000000000000036e+01
1.128999999999999915e+01
1.119999999999999929e+01
1.116000000000000014e+01
1.127999999999999936e+01
1.105000000000000071e+01
1.108999999999999986e+01
1.115000000000000036e+01
1.111999999999999922e+01
1.122000000000000064e+01
1.125000000000000000e+01
1.119999999999999929e+01
1.108000000000000007e+01
1.116999999999999993e+01
1.117999999999999972e+01
1.111999999999999922e+01
1.108999999999999986e+01
1.111999999999999922e+01
1.116999999999999993e+01
1.123000000000000043e+01
1.133000000000000007e+01
1.125999999999999979e+01
1.140000000000000036e+01
1.143999999999999950e+01
1.146000000000000085e+01
1.135999999999999943e+01
1.133000000000000007e+01
1.143999999999999950e+01
1.158999999999999986e+01
1.152999999999999936e+01
1.133000000000000007e+01
1.133000000000000007e+01
1.136999999999999922e+01
1.163000000000000078e+01
1.163000000000000078e+01
1.157000000000000028e+01
1.171000000000000085e+01
1.173000000000000043e+01
1.182000000000000028e+01
1.172000000000000064e+01
1.172000000000000064e+01
1.176999999999999957e+01
1.177999999999999936e+01
1.176999999999999957e+01
1.171000000000000085e+01
1.168999999999999950e+01
1.167999999999999972e+01
1.178999999999999915e+01
1.182000000000000028e+01
1.172000000000000064e+01
1.166999999999999993e+01
1.169999999999999929e+01
1.158999999999999986e+01
1.159999999999999964e+01
1.156000000000000050e+01
1.144999999999999929e+01
1.142999999999999972e+01
1.144999999999999929e+01
1.140000000000000036e+01
1.140000000000000036e+01
1.143999999999999950e+01
1.146000000000000085e+01
1.161999999999999922e+01
1.169999999999999929e+01
1.160999999999999943e+01
1.173000000000000043e+01
1.169999999999999929e+01
1.175999999999999979e+01
1.173000000000000043e+01
1.182000000000000028e+01
1.166999999999999993e+01
1.169999999999999929e+01
1.171000000000000085e+01
1.175000000000000000e+01
1.184999999999999964e+01
1.184999999999999964e+01
1.178999999999999915e+01
1.191000000000000014e+01
1.183999999999999986e+01
1.173000000000000043e+01
1.178999999999999915e+01
1.181000000000000050e+01
1.181000000000000050e+01
1.183999999999999986e+01
1.185999999999999943e+01
1.191999999999999993e+01
1.190000000000000036e+01
1.180000000000000071e+01
1.175000000000000000e+01
1.183999999999999986e+01
1.192999999999999972e+01
1.186999999999999922e+01
1.194999999999999929e+01
1.193999999999999950e+01
1.184999999999999964e+01
1.194999999999999929e+01
1.200999999999999979e+01
1.205000000000000071e+01
1.200000000000000000e+01
1.178999999999999915e+01
1.180000000000000071e+01
1.193999999999999950e+01
1.203999999999999915e+01
1.200000000000000000e+01
1.205000000000000071e+01
1.226999999999999957e+01
1.221000000000000085e+01
1.222000000000000064e+01
1.209999999999999964e+01
1.208000000000000007e+01
1.202999999999999936e+01
1.197000000000000064e+01
1.190000000000000036e+01
1.178999999999999915e+01
1.178999999999999915e+01
1.191999999999999993e+01
1.192999999999999972e+01
1.192999999999999972e+01
1.184999999999999964e+01
1.189000000000000057e+01
1.199000000000000021e+01
1.208999999999999986e+01
1.210999999999999943e+01
1.207000000000000028e+01
1.198000000000000043e+01
1.196000000000000085e+01
1.188000000000000078e+01
1.181000000000000050e+01
1.183000000000000007e+01
1.188000000000000078e+01
1.199000000000000021e+01
1.211999999999999922e+01
1.208000000000000007e+01
1.208000000000000007e+01
1.196000000000000085e+01
1.192999999999999972e+01
1.184999999999999964e+01
1.183999999999999986e+01
1.182000000000000028e+01
1.189000000000000057e+01
1.191999999999999993e+01
1.184999999999999964e+01
1.175999999999999979e+01
1.172000000000000064e+01
1.168999999999999950e+01
1.165000000000000036e+01
1.156000000000000050e+01
1.155000000000000071e+01
1.144999999999999929e+01
1.148000000000000043e+01
1.157000000000000028e+01
1.165000000000000036e+01
1.180000000000000071e+01
1.164000000000000057e+01
1.176999999999999957e+01
1.191999999999999993e+01
1.189000000000000057e+01
1.185999999999999943e+01
1.180000000000000071e+01
1.158000000000000007e+01
1.161999999999999922e+01
1.155000000000000071e+01
1.153999999999999915e+01
1.152999999999999936e+01
1.166999999999999993e+01
1.151999999999999957e+01
1.143999999999999950e+01
1.138000000000000078e+01
1.139000000000000057e+01
1.134999999999999964e+01
1.147000000000000064e+01
1.150999999999999979e+01
1.147000000000000064e+01
1.139000000000000057e+01
1.138000000000000078e+01
1.141999999999999993e+01
1.158000000000000007e+01
1.150999999999999979e+01
1.157000000000000028e+01
1.168999999999999950e+01
1.167999999999999972e+01
1.165000000000000036e+01
1.163000000000000078e+01
1.156000000000000050e+01
1.150999999999999979e+01
1.150000000000000000e+01
1.146000000000000085e+01
1.149000000000000021e+01
1.151999999999999957e+01
1.159999999999999964e+01
1.157000000000000028e+01
1.164000000000000057e+01
1.166999999999999993e+01
1.153999999999999915e+01
1.166000000000000014e+01
1.159999999999999964e+01
1.148000000000000043e+01
1.122000000000000064e+01
1.113000000000000078e+01
1.125999999999999979e+01
1.134999999999999964e+01
1.136999999999999922e+01
1.131000000000000050e+01
1.133999999999999986e+01
1.123000000000000043e+01
1.118999999999999950e+01
1.116999999999999993e+01
1.111999999999999922e+01
1.118999999999999950e+01
1.108000000000000007e+01
1.108999999999999986e+01
1.113000000000000078e+01
1.130000000000000071e+01
1.136999999999999922e+01
1.141000000000000014e+01
1.140000000000000036e+01
1.134999999999999964e+01
1.130000000000000071e+01
1.126999999999999957e+01
1.122000000000000064e+01
1.127999999999999936e+01
1.126999999999999957e+01
1.128999999999999915e+01
1.123000000000000043e+01
1.130000000000000071e+01
1.133000000000000007e+01
1.140000000000000036e+01
1.150999999999999979e+01
1.143999999999999950e+01
1.142999999999999972e+01
1.146000000000000085e+01
1.141000000000000014e+01
1.141000000000000014e+01
1.131000000000000050e+01
1.125000000000000000e+01
1.127999999999999936e+01
1.126999999999999957e+01
1.126999999999999957e+01
1.125999999999999979e+01
1.110999999999999943e+01
1.097000000000000064e+01
1.096000000000000085e+01
1.105000000000000071e+01
1.093999999999999950e+01
1.099000000000000021e+01
1.108000000000000007e+01
1.122000000000000064e+01
1.121000000000000085e+01
1.117999999999999972e+01
1.119999999999999929e+01
1.110999999999999943e+01
1.101999999999999957e+01
1.103999999999999915e+01
1.119999999999999929e+01
1.114000000000000057e+01
1.102999999999999936e+01
1.094999999999999929e+01
1.100999999999999979e+01
1.096000000000000085e+01
1.108999999999999986e+01
1.084999999999999964e+01
1.078999999999999915e+01
1.082000000000000028e+01
1.076999999999999957e+01
1.065000000000000036e+01
1.072000000000000064e+01
1.076999999999999957e+01
1.078999999999999915e+01
1.082000000000000028e+01
1.073000000000000043e+01
1.075999999999999979e+01
1.073000000000000043e+01
1.064000000000000057e+01
1.068999999999999950e+01
1.065000000000000036e+01
1.063000000000000078e+01
1.058999999999999986e+01
1.064000000000000057e+01
1.052999999999999936e+01
1.043999999999999950e+01
1.038000000000000078e+01
1.038000000000000078e+01
1.035999999999999943e+01
1.025999999999999979e+01
1.009999999999999964e+01
1.010999999999999943e+01
9.900000000000000355e+00
9.910000000000000142e+00
9.820000000000000284e+00
9.810000000000000497e+00
9.640000000000000568e+00
9.599999999999999645e+00
9.529999999999999361e+00
9.640000000000000568e+00
9.599999999999999645e+00
9.599999999999999645e+00
9.640000000000000568e+00
9.910000000000000142e+00
1.008000000000000007e+01
1.006000000000000050e+01
9.970000000000000639e+00
9.910000000000000142e+00
9.910000000000000142e+00
9.960000000000000853e+00
9.919999999999999929e+00
9.810000000000000497e+00
9.820000000000000284e+00
9.880000000000000782e+00
9.919999999999999929e+00
1.000000000000000000e+01
9.710000000000000853e+00
9.810000000000000497e+00
9.820000000000000284e+00
9.730000000000000426e+00
9.710000000000000853e+00
9.730000000000000426e+00
9.640000000000000568e+00
9.669999999999999929e+00
9.769999999999999574e+00
9.839999999999999858e+00
9.759999999999999787e+00
9.750000000000000000e+00
9.740000000000000213e+00
9.849999999999999645e+00
9.939999999999999503e+00
1.009999999999999964e+01
1.016000000000000014e+01
1.010999999999999943e+01
1.009999999999999964e+01
1.008999999999999986e+01
1.009999999999999964e+01
1.002999999999999936e+01
1.007000000000000028e+01
1.017999999999999972e+01
1.033999999999999986e+01
1.034999999999999964e+01
1.028999999999999915e+01
1.030000000000000071e+01
1.025000000000000000e+01
1.030000000000000071e+01
1.042999999999999972e+01
1.047000000000000064e+01
1.040000000000000036e+01
1.051999999999999957e+01
1.052999999999999936e+01
1.035999999999999943e+01
1.040000000000000036e+01
1.046000000000000085e+01
1.047000000000000064e+01
1.044999999999999929e+01
1.051999999999999957e+01
1.058999999999999986e+01
1.053999999999999915e+01
1.046000000000000085e+01
1.055000000000000071e+01
1.066000000000000014e+01
1.075999999999999979e+01
1.069999999999999929e+01
1.069999999999999929e+01
1.075999999999999979e+01
1.082000000000000028e+01
1.074000000000000021e+01
1.067999999999999972e+01
1.050999999999999979e+01
1.046000000000000085e+01
1.048000000000000043e+01
1.043999999999999950e+01
1.043999999999999950e+01
1.034999999999999964e+01
1.047000000000000064e+01
1.036999999999999922e+01
1.011999999999999922e+01
1.017999999999999972e+01
1.017999999999999972e+01
1.017999999999999972e+01
9.949999999999999289e+00
9.900000000000000355e+00
9.849999999999999645e+00
9.880000000000000782e+00
9.960000000000000853e+00
9.929999999999999716e+00
9.910000000000000142e+00
9.859999999999999432e+00
9.949999999999999289e+00
1.014000000000000057e+01
1.001999999999999957e+01
1.025000000000000000e+01
1.017999999999999972e+01
1.016000000000000014e+01
1.017999999999999972e+01
1.030000000000000071e+01
1.036999999999999922e+01
1.035999999999999943e+01
1.033000000000000007e+01
1.038000000000000078e+01
1.035999999999999943e+01
1.034999999999999964e+01
1.013000000000000078e+01
1.002999999999999936e+01
1.011999999999999922e+01
1.014000000000000057e+01
1.011999999999999922e+01
1.011999999999999922e+01
9.910000000000000142e+00
9.949999999999999289e+00
1.015000000000000036e+01
1.025000000000000000e+01
1.023000000000000043e+01
1.028999999999999915e+01
1.024000000000000021e+01
1.051999999999999957e+01
1.046000000000000085e+01
1.047000000000000064e+01
1.057000000000000028e+01
1.046000000000000085e+01
1.044999999999999929e+01
1.057000000000000028e+01
1.058999999999999986e+01
1.044999999999999929e+01
1.041999999999999993e+01
1.043999999999999950e+01
1.041999999999999993e+01
1.040000000000000036e+01
1.032000000000000028e+01
1.017999999999999972e+01
1.000000000000000000e+01
9.849999999999999645e+00
9.759999999999999787e+00
9.810000000000000497e+00
9.789999999999999147e+00
9.839999999999999858e+00
9.859999999999999432e+00
9.849999999999999645e+00
9.830000000000000071e+00
9.759999999999999787e+00
9.769999999999999574e+00
9.839999999999999858e+00
9.869999999999999218e+00
9.849999999999999645e+00
9.970000000000000639e+00
9.839999999999999858e+00
9.859999999999999432e+00
9.869999999999999218e+00
9.900000000000000355e+00
9.859999999999999432e+00
9.830000000000000071e+00
9.640000000000000568e+00
9.570000000000000284e+00
9.539999999999999147e+00
9.539999999999999147e+00
9.320000000000000284e+00
9.230000000000000426e+00
9.130000000000000782e+00
9.080000000000000071e+00
9.039999999999999147e+00
9.019999999999999574e+00
8.949999999999999289e+00
8.919999999999999929e+00
8.900000000000000355e+00
8.880000000000000782e+00
9.060000000000000497e+00
9.250000000000000000e+00
9.279999999999999361e+00
9.460000000000000853e+00
9.349999999999999645e+00
9.330000000000000071e+00
9.500000000000000000e+00
9.599999999999999645e+00
9.730000000000000426e+00
9.710000000000000853e+00
9.820000000000000284e+00
1.010999999999999943e+01
1.016999999999999993e+01
1.011999999999999922e+01
1.010999999999999943e+01
1.038000000000000078e+01
1.041999999999999993e+01
1.047000000000000064e+01
1.052999999999999936e+01
1.038000000000000078e+01
1.048000000000000043e+01
1.031000000000000050e+01
1.032000000000000028e+01
1.035999999999999943e+01
1.038000000000000078e+01
1.046000000000000085e+01
1.042999999999999972e+01
1.057000000000000028e+01
1.059999999999999964e+01
1.050999999999999979e+01
1.051999999999999957e+01
1.044999999999999929e+01
1.053999999999999915e+01
1.058999999999999986e+01
1.050999999999999979e+01
1.047000000000000064e+01
1.056000000000000050e+01
1.059999999999999964e+01
1.053999999999999915e+01
1.058999999999999986e+01
1.057000000000000028e+01
1.058000000000000007e+01
1.061999999999999922e+01
1.075999999999999979e+01
1.082000000000000028e+01
1.075999999999999979e+01
1.072000000000000064e+01
1.075999999999999979e+01
1.066000000000000014e+01
1.074000000000000021e+01
1.072000000000000064e+01
1.072000000000000064e+01
1.063000000000000078e+01
1.061999999999999922e+01
1.065000000000000036e+01
1.043999999999999950e+01
1.048000000000000043e+01
1.047000000000000064e+01
1.051999999999999957e+01
1.050999999999999979e+01
1.048000000000000043e+01
1.038000000000000078e+01
1.048000000000000043e+01
1.044999999999999929e+01
1.058000000000000007e+01
1.060999999999999943e+01
1.060999999999999943e+01
1.073000000000000043e+01
1.074000000000000021e+01
1.051999999999999957e+01
1.049000000000000021e+01
1.055000000000000071e+01
1.051999999999999957e+01
1.039000000000000057e+01
1.035999999999999943e+01
1.040000000000000036e+01
1.025000000000000000e+01
1.009999999999999964e+01
1.007000000000000028e+01
9.929999999999999716e+00
9.939999999999999503e+00
9.970000000000000639e+00
1.000000000000000000e+01
9.900000000000000355e+00
9.710000000000000853e+00
9.900000000000000355e+00
1.007000000000000028e+01
1.013000000000000078e+01
1.028999999999999915e+01
1.031000000000000050e+01
1.049000000000000021e+01
1.048000000000000043e+01
1.058999999999999986e+01
1.075000000000000000e+01
1.078999999999999915e+01
1.066999999999999993e+01
1.076999999999999957e+01
1.080000000000000071e+01
1.071000000000000085e+01
1.084999999999999964e+01
1.078999999999999915e+01
1.073000000000000043e+01
1.080000000000000071e+01
1.067999999999999972e+01
1.089000000000000057e+01
1.091000000000000014e+01
1.086999999999999922e+01
1.073000000000000043e+01
1.071000000000000085e+01
1.069999999999999929e+01
1.066999999999999993e+01
1.064000000000000057e+01
1.046000000000000085e+01
1.038000000000000078e+01
1.046000000000000085e+01
1.041000000000000014e+01
1.041999999999999993e+01
1.044999999999999929e+01
1.041000000000000014e+01
1.046000000000000085e+01
1.034999999999999964e+01
1.053999999999999915e+01
1.066000000000000014e+01
1.069999999999999929e+01
1.065000000000000036e+01
1.067999999999999972e+01
1.061999999999999922e+01
1.057000000000000028e+01
1.058000000000000007e+01
1.033999999999999986e+01
1.028999999999999915e+01
1.035999999999999943e+01
1.011999999999999922e+01
1.006000000000000050e+01
1.014000000000000057e+01
1.011999999999999922e+01
1.009999999999999964e+01
1.021000000000000085e+01
1.039000000000000057e+01
1.032000000000000028e+01
1.022000000000000064e+01
1.021000000000000085e+01
1.016999999999999993e+01
1.025999999999999979e+01
1.018999999999999950e+01
1.018999999999999950e+01
1.023000000000000043e+01
1.016000000000000014e+01
1.018999999999999950e+01
1.021000000000000085e+01
1.027999999999999936e+01
1.028999999999999915e+01
1.022000000000000064e+01
1.018999999999999950e+01
1.024000000000000021e+01
1.033000000000000007e+01
1.030000000000000071e+01
1.032000000000000028e+01
1.040000000000000036e+01
1.027999999999999936e+01
1.021000000000000085e+01
1.035999999999999943e+01
1.035999999999999943e+01
1.042999999999999972e+01
1.008000000000000007e+01
1.000000000000000000e+01
1.006000000000000050e+01
1.000000000000000000e+01
9.929999999999999716e+00
1.019999999999999929e+01
1.019999999999999929e+01
1.007000000000000028e+01
9.949999999999999289e+00
1.000999999999999979e+01
9.849999999999999645e+00
9.800000000000000711e+00
9.929999999999999716e+00
9.750000000000000000e+00
9.769999999999999574e+00
9.710000000000000853e+00
9.839999999999999858e+00
9.699999999999999289e+00
9.650000000000000355e+00
9.730000000000000426e+00
9.970000000000000639e+00
9.919999999999999929e+00
9.890000000000000568e+00
9.859999999999999432e+00
9.839999999999999858e+00
9.800000000000000711e+00
9.589999999999999858e+00
9.660000000000000142e+00
9.689999999999999503e+00
9.570000000000000284e+00
9.509999999999999787e+00
9.560000000000000497e+00
9.509999999999999787e+00
9.439999999999999503e+00
9.609999999999999432e+00
9.429999999999999716e+00
9.470000000000000639e+00
9.570000000000000284e+00
9.519999999999999574e+00
9.619999999999999218e+00
9.619999999999999218e+00
9.630000000000000782e+00
9.640000000000000568e+00
9.650000000000000355e+00
9.570000000000000284e+00
9.490000000000000213e+00
9.410000000000000142e+00
9.460000000000000853e+00
9.509999999999999787e+00
9.539999999999999147e+00
9.519999999999999574e+00
9.470000000000000639e+00
9.429999999999999716e+00
9.419999999999999929e+00
9.470000000000000639e+00
9.500000000000000000e+00
9.519999999999999574e+00
9.460000000000000853e+00
9.279999999999999361e+00
9.259999999999999787e+00
9.240000000000000213e+00
9.259999999999999787e+00
9.130000000000000782e+00
9.130000000000000782e+00
9.230000000000000426e+00
9.560000000000000497e+00
9.560000000000000497e+00
9.500000000000000000e+00
9.599999999999999645e+00
9.580000000000000071e+00
9.570000000000000284e+00
9.599999999999999645e+00
9.630000000000000782e+00
9.669999999999999929e+00
9.560000000000000497e+00
9.609999999999999432e+00
9.750000000000000000e+00
9.800000000000000711e+00
9.740000000000000213e+00
9.609999999999999432e+00
9.640000000000000568e+00
9.720000000000000639e+00
9.720000000000000639e+00
9.869999999999999218e+00
9.900000000000000355e+00
9.890000000000000568e+00
9.880000000000000782e+00
9.890000000000000568e+00
9.939999999999999503e+00
1.000000000000000000e+01
9.990000000000000213e+00
1.013000000000000078e+01
1.014000000000000057e+01
1.016000000000000014e+01
1.008999999999999986e+01
1.021000000000000085e+01
1.013000000000000078e+01
1.005000000000000071e+01
9.910000000000000142e+00
9.919999999999999929e+00
1.021000000000000085e+01
1.039000000000000057e+01
1.031000000000000050e+01
1.025999999999999979e+01
1.023000000000000043e+01
1.023000000000000043e+01
1.023000000000000043e+01
1.026999999999999957e+01
1.043999999999999950e+01
1.048000000000000043e+01
1.075999999999999979e+01
1.075000000000000000e+01
1.066000000000000014e+01
1.089000000000000057e+01
1.099000000000000021e+01
1.115000000000000036e+01
1.116999999999999993e+01
1.131000000000000050e+01
1.128999999999999915e+01
1.132000000000000028e+01
1.125000000000000000e+01
1.130000000000000071e+01
1.139000000000000057e+01
1.141000000000000014e+01
1.142999999999999972e+01
1.148000000000000043e+01
1.169999999999999929e+01
1.175000000000000000e+01
1.172000000000000064e+01
1.182000000000000028e+01
1.191999999999999993e+01
1.191999999999999993e+01
1.196000000000000085e+01
1.205000000000000071e+01
1.200000000000000000e+01
1.208999999999999986e+01
1.202999999999999936e+01
1.199000000000000021e+01
1.194999999999999929e+01
1.199000000000000021e+01
1.202999999999999936e+01
1.192999999999999972e+01
1.183999999999999986e+01
1.191999999999999993e+01
1.198000000000000043e+01
1.201999999999999957e+01
1.180000000000000071e+01
1.159999999999999964e+01
1.171000000000000085e+01
1.186999999999999922e+01
1.176999999999999957e+01
1.178999999999999915e+01
1.177999999999999936e+01
1.173000000000000043e+01
1.160999999999999943e+01
1.161999999999999922e+01
1.151999999999999957e+01
1.146000000000000085e+01
1.152999999999999936e+01
1.157000000000000028e+01
1.161999999999999922e+01
1.166000000000000014e+01
1.188000000000000078e+01
1.194999999999999929e+01
1.198000000000000043e+01
1.192999999999999972e+01
1.198000000000000043e+01
1.200000000000000000e+01
1.207000000000000028e+01
1.218999999999999950e+01
1.224000000000000021e+01
1.225999999999999979e+01
1.225000000000000000e+01
1.209999999999999964e+01
1.219999999999999929e+01
1.217999999999999972e+01
1.214000000000000057e+01
1.207000000000000028e+01
1.213000000000000078e+01
1.221000000000000085e+01
1.213000000000000078e+01
1.211999999999999922e+01
1.189000000000000057e+01
1.189000000000000057e+01
1.181000000000000050e+01
1.174000000000000021e+01
1.174000000000000021e+01
1.157000000000000028e+01
1.151999999999999957e+01
1.147000000000000064e+01
1.128999999999999915e+01
1.116999999999999993e+01
1.108999999999999986e+01
1.110999999999999943e+01
1.113000000000000078e+01
1.108999999999999986e+01
1.124000000000000021e+01
1.127999999999999936e+01
1.140000000000000036e+01
1.141999999999999993e+01
1.144999999999999929e+01
1.148000000000000043e+01
1.155000000000000071e+01
1.159999999999999964e+01
1.165000000000000036e+01
1.171000000000000085e+01
1.166999999999999993e+01
1.175999999999999979e+01
1.167999999999999972e+01
1.164000000000000057e+01
1.157000000000000028e+01
1.166999999999999993e+01
1.180000000000000071e+01
1.184999999999999964e+01
1.186999999999999922e+01
1.183999999999999986e+01
1.175999999999999979e+01
1.169999999999999929e+01
1.174000000000000021e+01
1.172000000000000064e+01
1.166999999999999993e+01
1.150000000000000000e+01
1.148000000000000043e+01
1.151999999999999957e+01
1.147000000000000064e+01
1.144999999999999929e+01
1.125000000000000000e+01
1.122000000000000064e+01
1.110999999999999943e+01
1.113000000000000078e+01
1.090000000000000036e+01
1.093999999999999950e+01
1.073000000000000043e+01
1.082000000000000028e+01
1.077999999999999936e+01
1.077999999999999936e+01
1.068999999999999950e+01
1.049000000000000021e+01
1.056000000000000050e+01
1.057000000000000028e+01
1.053999999999999915e+01
1.064000000000000057e+01
1.071000000000000085e+01
1.068999999999999950e+01
1.068999999999999950e+01
1.069999999999999929e+01
1.088000000000000078e+01
1.101999999999999957e+01
1.102999999999999936e+01
1.098000000000000043e+01
1.105000000000000071e+01
1.108000000000000007e+01
1.113000000000000078e+01
1.121000000000000085e+01
1.123000000000000043e+01
1.117999999999999972e+01
1.130000000000000071e+01
1.135999999999999943e+01
1.146000000000000085e+01
1.133000000000000007e+01
1.125999999999999979e+01
1.121000000000000085e+01
1.116000000000000014e+01
1.106000000000000050e+01
1.085999999999999943e+01
1.088000000000000078e+01
1.083999999999999986e+01
1.068999999999999950e+01
1.059999999999999964e+01
1.056000000000000050e+01
1.055000000000000071e+01
1.052999999999999936e+01
1.042999999999999972e+01
1.049000000000000021e+01
1.049000000000000021e+01
1.047000000000000064e+01
1.041999999999999993e+01
1.044999999999999929e+01
1.044999999999999929e+01
1.034999999999999964e+01
1.042999999999999972e+01
1.032000000000000028e+01
1.058999999999999986e+01
1.050000000000000000e+01
1.053999999999999915e+01
1.057000000000000028e+01
1.061999999999999922e+01
1.069999999999999929e+01
1.069999999999999929e+01
1.078999999999999915e+01
1.085999999999999943e+01
1.093999999999999950e+01
1.090000000000000036e+01
1.082000000000000028e+01
1.078999999999999915e+01
1.081000000000000050e+01
1.076999999999999957e+01
1.078999999999999915e+01
1.073000000000000043e+01
1.075000000000000000e+01
1.067999999999999972e+01
1.066999999999999993e+01
1.078999999999999915e+01
1.083999999999999986e+01
1.088000000000000078e+01
1.083999999999999986e+01
1.067999999999999972e+01
1.066000000000000014e+01
1.058000000000000007e+01
1.055000000000000071e+01
1.047000000000000064e+01
1.042999999999999972e+01
1.033999999999999986e+01
1.031000000000000050e+01
1.024000000000000021e+01
1.016000000000000014e+01
1.014000000000000057e+01
1.016000000000000014e+01
1.016000000000000014e+01
1.007000000000000028e+01
9.980000000000000426e+00
1.011999999999999922e+01
1.002999999999999936e+01
1.001999999999999957e+01
9.929999999999999716e+00
9.779999999999999361e+00
1.000999999999999979e+01
9.789999999999999147e+00
9.910000000000000142e+00
9.750000000000000000e+00
9.890000000000000568e+00
9.779999999999999361e+00
9.869999999999999218e+00
9.839999999999999858e+00
9.859999999999999432e+00
9.919999999999999929e+00
1.002999999999999936e+01
1.009999999999999964e+01
1.005000000000000071e+01
9.990000000000000213e+00
9.929999999999999716e+00
9.880000000000000782e+00
9.960000000000000853e+00
1.001999999999999957e+01
9.990000000000000213e+00
9.960000000000000853e+00
1.008999999999999986e+01
1.000000000000000000e+01
1.003999999999999915e+01
1.008000000000000007e+01
1.011999999999999922e+01
1.016999999999999993e+01
1.019999999999999929e+01
1.007000000000000028e+01
1.016000000000000014e+01
1.025999999999999979e+01
1.022000000000000064e+01
1.025999999999999979e+01
1.023000000000000043e+01
1.035999999999999943e+01
1.035999999999999943e+01
1.038000000000000078e+01
1.019999999999999929e+01
1.015000000000000036e+01
1.022000000000000064e+01
1.023000000000000043e+01
1.026999999999999957e+01
1.043999999999999950e+01
1.056000000000000050e+01
1.056000000000000050e+01
1.050999999999999979e+01
1.053999999999999915e+01
1.061999999999999922e+01
1.073000000000000043e+01
1.071000000000000085e+01
1.075999999999999979e+01
1.088000000000000078e+01
1.097000000000000064e+01
1.107000000000000028e+01
1.109999999999999964e+01
1.117999999999999972e+01
1.133000000000000007e+01
1.130000000000000071e+01
1.125000000000000000e+01
1.125999999999999979e+01
1.131000000000000050e+01
1.125000000000000000e+01
1.134999999999999964e+01
1.142999999999999972e+01
1.133999999999999986e+01
1.132000000000000028e+01
1.126999999999999957e+01
1.127999999999999936e+01
1.136999999999999922e+01
1.121000000000000085e+01
1.111999999999999922e+01
1.124000000000000021e+01
1.118999999999999950e+01
1.123000000000000043e+01
1.124000000000000021e+01
1.124000000000000021e+01
1.121000000000000085e+01
1.106000000000000050e+01
1.091999999999999993e+01
1.091999999999999993e+01
1.097000000000000064e+01
1.109999999999999964e+01
1.099000000000000021e+01
1.109999999999999964e+01
1.121000000000000085e+01
1.130000000000000071e+01
1.115000000000000036e+01
1.124000000000000021e+01
1.123000000000000043e+01
1.122000000000000064e+01
1.124000000000000021e+01
1.110999999999999943e+01
1.093999999999999950e+01
1.074000000000000021e+01
1.083999999999999986e+01
1.099000000000000021e+01
1.096000000000000085e+01
1.088000000000000078e+01
1.073000000000000043e+01
1.085999999999999943e+01
1.106000000000000050e+01
1.099000000000000021e+01
1.108999999999999986e+01
1.108000000000000007e+01
1.119999999999999929e+01
1.127999999999999936e+01
1.133999999999999986e+01
1.148000000000000043e+01
1.130000000000000071e+01
1.124000000000000021e+01
1.122000000000000064e+01
1.115000000000000036e+01
1.117999999999999972e+01
1.114000000000000057e+01
1.089000000000000057e+01
1.069999999999999929e+01
1.076999999999999957e+01
1.068999999999999950e+01
1.041000000000000014e+01
1.033000000000000007e+01
1.016999999999999993e+01
1.014000000000000057e+01
1.025999999999999979e+01
1.010999999999999943e+01
1.001999999999999957e+01
9.980000000000000426e+00
9.919999999999999929e+00
9.839999999999999858e+00
9.960000000000000853e+00
9.949999999999999289e+00
9.910000000000000142e+00
9.949999999999999289e+00
9.970000000000000639e+00
9.980000000000000426e+00
9.890000000000000568e+00
9.869999999999999218e+00
9.730000000000000426e+00
9.869999999999999218e+00
1.000999999999999979e+01
9.949999999999999289e+00
9.919999999999999929e+00
9.890000000000000568e+00
9.890000000000000568e+00
9.910000000000000142e+00
9.929999999999999716e+00
9.980000000000000426e+00
9.910000000000000142e+00
9.900000000000000355e+00
9.769999999999999574e+00
9.660000000000000142e+00
9.650000000000000355e+00
9.619999999999999218e+00
9.550000000000000711e+00
9.490000000000000213e+00
9.519999999999999574e+00
9.519999999999999574e+00
9.369999999999999218e+00
9.250000000000000000e+00
9.300000000000000711e+00
9.279999999999999361e+00
9.240000000000000213e+00
9.230000000000000426e+00
9.210000000000000853e+00
9.179999999999999716e+00
9.179999999999999716e+00
9.359999999999999432e+00
9.460000000000000853e+00
9.609999999999999432e+00
9.560000000000000497e+00
9.800000000000000711e+00
9.900000000000000355e+00
9.849999999999999645e+00
9.929999999999999716e+00
9.980000000000000426e+00
9.980000000000000426e+00
9.960000000000000853e+00
1.002999999999999936e+01
1.017999999999999972e+01
1.026999999999999957e+01
1.022000000000000064e+01
1.023000000000000043e+01
1.025000000000000000e+01
1.019999999999999929e+01
1.016999999999999993e+01
1.016999999999999993e+01
1.016000000000000014e+01
1.032000000000000028e+01
1.032000000000000028e+01
1.036999999999999922e+01
1.041999999999999993e+01
1.041999999999999993e+01
1.055000000000000071e+01
1.075000000000000000e+01
1.088000000000000078e+01
1.084999999999999964e+01
1.083999999999999986e+01
1.091000000000000014e+01
1.102999999999999936e+01
1.116000000000000014e+01
1.116000000000000014e+01
1.110999999999999943e+01
1.097000000000000064e+01
1.110999999999999943e+01
1.114000000000000057e+01
1.116999999999999993e+01
1.109999999999999964e+01
1.091999999999999993e+01
1.081000000000000050e+01
1.086999999999999922e+01
1.097000000000000064e+01
1.086999999999999922e+01
1.086999999999999922e+01
1.093999999999999950e+01
1.073000000000000043e+01
1.107000000000000028e+01
1.138000000000000078e+01
1.135999999999999943e+01
1.143999999999999950e+01
1.159999999999999964e+01
1.172000000000000064e+01
1.183999999999999986e+01
1.180000000000000071e+01
1.166999999999999993e+01
1.168999999999999950e+01
1.153999999999999915e+01
1.149000000000000021e+01
1.151999999999999957e+01
1.153999999999999915e+01
1.143999999999999950e+01
1.142999999999999972e+01
1.136999999999999922e+01
1.141000000000000014e+01
1.141000000000000014e+01
1.136999999999999922e+01
1.146000000000000085e+01
1.131000000000000050e+01
1.146000000000000085e+01
1.155000000000000071e+01
1.150000000000000000e+01
1.156000000000000050e+01
1.152999999999999936e+01
1.160999999999999943e+01
1.158000000000000007e+01
1.153999999999999915e+01
1.146000000000000085e+01
1.143999999999999950e+01
1.155000000000000071e+01
1.141999999999999993e+01
1.141000000000000014e+01
1.142999999999999972e+01
1.128999999999999915e+01
1.131000000000000050e+01
1.133999999999999986e+01
1.136999999999999922e+01
1.147000000000000064e+01
1.139000000000000057e+01
1.150000000000000000e+01
1.147000000000000064e+01
1.150000000000000000e+01
1.158000000000000007e+01
1.164000000000000057e+01
1.160999999999999943e+01
1.155000000000000071e+01
1.163000000000000078e+01
1.160999999999999943e+01
1.153999999999999915e+01
1.153999999999999915e+01
1.147000000000000064e+01
1.146000000000000085e+01
1.147000000000000064e+01
1.149000000000000021e+01
1.150999999999999979e+01
1.149000000000000021e+01
1.147000000000000064e+01
1.141000000000000014e+01
1.153999999999999915e+01
1.149000000000000021e+01
1.146000000000000085e+01
1.147000000000000064e+01
1.149000000000000021e+01
1.133000000000000007e+01
1.139000000000000057e+01
1.149000000000000021e+01
1.157000000000000028e+01
1.156000000000000050e+01
1.151999999999999957e+01
1.151999999999999957e+01
1.151999999999999957e+01
1.146000000000000085e+01
1.144999999999999929e+01
1.151999999999999957e+01
1.163000000000000078e+01
1.166000000000000014e+01
1.168999999999999950e+01
1.169999999999999929e+01
1.160999999999999943e+01
1.150000000000000000e+01
1.146000000000000085e+01
1.150999999999999979e+01
1.139000000000000057e+01
1.118999999999999950e+01
1.138000000000000078e+01
1.128999999999999915e+01
1.121000000000000085e+01
1.107000000000000028e+01
1.098000000000000043e+01
1.098000000000000043e+01
1.107000000000000028e+01
1.116000000000000014e+01
1.101999999999999957e+01
1.103999999999999915e+01
1.111999999999999922e+01
1.117999999999999972e+01
1.116999999999999993e+01
1.103999999999999915e+01
1.096000000000000085e+01
1.094999999999999929e+01
1.083999999999999986e+01
1.090000000000000036e+01
1.089000000000000057e+01
1.093999999999999950e+01
1.103999999999999915e+01
1.107000000000000028e+01
1.113000000000000078e+01
1.108000000000000007e+01
1.108999999999999986e+01
1.109999999999999964e+01
1.114000000000000057e+01
1.113000000000000078e+01
1.116000000000000014e+01
1.116999999999999993e+01
1.103999999999999915e+01
1.102999999999999936e+01
1.107000000000000028e+01
1.093999999999999950e+01
1.116000000000000014e+01
1.086999999999999922e+01
1.077999999999999936e+01
1.055000000000000071e+01
1.066000000000000014e+01
1.058999999999999986e+01
1.060999999999999943e+01
1.061999999999999922e+01
