-1.900000000000000000e+01
-2.000000000000000000e+01
-2.000000000000000000e+01
-2.000000000000000000e+01
-2.000000000000000000e+01
-1.982999999999999829e+01
-2.000000000000000000e+01
-2.012000000000000099e+01
-2.021999999999999886e+01
-2.030000000000000071e+01
-2.035999999999999943e+01
-2.042000000000000171e+01
-2.046000000000000085e+01
-2.050000000000000000e+01
-2.046999999999999886e+01
-2.044000000000000128e+01
-2.028999999999999915e+01
-2.032999999999999829e+01
-2.037000000000000099e+01
-2.039999999999999858e+01
-2.032999999999999829e+01
-2.032000000000000028e+01
-2.035000000000000142e+01
-2.032999999999999829e+01
-2.032000000000000028e+01
-2.030999999999999872e+01
-2.026000000000000156e+01
-2.021000000000000085e+01
-2.023999999999999844e+01
-2.026999999999999957e+01
-2.028999999999999915e+01
-2.028000000000000114e+01
-2.030000000000000071e+01
-2.028999999999999915e+01
-2.026000000000000156e+01
-2.025000000000000000e+01
-2.021999999999999886e+01
-2.021000000000000085e+01
-2.021000000000000085e+01
-2.023000000000000043e+01
-2.023999999999999844e+01
-2.023999999999999844e+01
-2.019000000000000128e+01
-2.019999999999999929e+01
-2.021999999999999886e+01
-2.021999999999999886e+01
-2.021000000000000085e+01
-2.014999999999999858e+01
-2.014000000000000057e+01
-2.016000000000000014e+01
-2.017999999999999972e+01
-2.019000000000000128e+01
-2.019000000000000128e+01
-2.019999999999999929e+01
-2.021999999999999886e+01
-2.021000000000000085e+01
-2.021000000000000085e+01
-2.021999999999999886e+01
-2.019999999999999929e+01
-2.017999999999999972e+01
-2.017999999999999972e+01
-2.019000000000000128e+01
-2.021000000000000085e+01
-2.017000000000000171e+01
-2.017000000000000171e+01
-2.017000000000000171e+01
-2.016000000000000014e+01
-2.017999999999999972e+01
-2.016000000000000014e+01
-2.014000000000000057e+01
-2.014000000000000057e+01
-2.014000000000000057e+01
-2.014999999999999858e+01
-2.010999999999999943e+01
-2.012000000000000099e+01
-2.012000000000000099e+01
-2.012000000000000099e+01
-2.012000000000000099e+01
-2.010000000000000142e+01
-2.010000000000000142e+01
-2.005999999999999872e+01
-2.005999999999999872e+01
-2.001999999999999957e+01
-2.001999999999999957e+01
-2.001999999999999957e+01
-2.001999999999999957e+01
-2.000000000000000000e+01
-2.000000000000000000e+01
-2.000000000000000000e+01
-2.000000000000000000e+01
-2.001000000000000156e+01
-2.001000000000000156e+01
-2.001000000000000156e+01
-2.000000000000000000e+01
-2.000000000000000000e+01
-1.998999999999999844e+01
-2.000000000000000000e+01
-2.001000000000000156e+01
-2.001000000000000156e+01
-2.001999999999999957e+01
-2.001999999999999957e+01
-2.001000000000000156e+01
-1.998999999999999844e+01
-1.998999999999999844e+01
-1.998999999999999844e+01
-2.000000000000000000e+01
-1.998000000000000043e+01
-1.994999999999999929e+01
-1.992999999999999972e+01
-1.992000000000000171e+01
-1.992000000000000171e+01
-1.989000000000000057e+01
-1.985999999999999943e+01
-1.985999999999999943e+01
-1.983999999999999986e+01
-1.983999999999999986e+01
-1.985999999999999943e+01
-1.983999999999999986e+01
-1.982000000000000028e+01
-1.978999999999999915e+01
-1.976999999999999957e+01
-1.975000000000000000e+01
-1.971000000000000085e+01
-1.969000000000000128e+01
-1.969000000000000128e+01
-1.969000000000000128e+01
-1.967999999999999972e+01
-1.967000000000000171e+01
-1.962000000000000099e+01
-1.960000000000000142e+01
-1.957999999999999829e+01
-1.957999999999999829e+01
-1.953999999999999915e+01
-1.946999999999999886e+01
-1.948000000000000043e+01
-1.946000000000000085e+01
-1.942000000000000171e+01
-1.942999999999999972e+01
-1.939000000000000057e+01
-1.935999999999999943e+01
-1.925000000000000000e+01
-1.919000000000000128e+01
-1.916000000000000014e+01
-1.905999999999999872e+01
-1.901000000000000156e+01
-1.896000000000000085e+01
-1.892999999999999972e+01
-1.892999999999999972e+01
-1.891000000000000014e+01
-1.882999999999999829e+01
-1.875000000000000000e+01
-1.869999999999999929e+01
-1.866000000000000014e+01
-1.860999999999999943e+01
-1.851000000000000156e+01
-1.841000000000000014e+01
-1.835999999999999943e+01
-1.832000000000000028e+01
-1.826999999999999957e+01
-1.819999999999999929e+01
-1.810000000000000142e+01
-1.803999999999999915e+01
-1.798999999999999844e+01
-1.796000000000000085e+01
-1.792000000000000171e+01
-1.787000000000000099e+01
-1.780000000000000071e+01
-1.775000000000000000e+01
-1.773999999999999844e+01
-1.771000000000000085e+01
-1.762000000000000099e+01
-1.753999999999999915e+01
-1.751999999999999957e+01
-1.744999999999999929e+01
-1.735999999999999943e+01
-1.726999999999999957e+01
-1.721999999999999886e+01
-1.719999999999999929e+01
-1.712000000000000099e+01
-1.701999999999999957e+01
-1.700000000000000000e+01
-1.696000000000000085e+01
-1.692999999999999972e+01
-1.685000000000000142e+01
-1.673999999999999844e+01
-1.662999999999999901e+01
-1.660000000000000142e+01
-1.651000000000000156e+01
-1.648000000000000043e+01
-1.637999999999999901e+01
-1.626000000000000156e+01
-1.626000000000000156e+01
-1.612999999999999901e+01
-1.608999999999999986e+01
-1.592999999999999972e+01
-1.589000000000000057e+01
-1.580000000000000071e+01
-1.569999999999999929e+01
-1.563000000000000078e+01
-1.549000000000000021e+01
-1.533999999999999986e+01
-1.515000000000000036e+01
-1.508000000000000007e+01
-1.497000000000000064e+01
-1.486999999999999922e+01
-1.466000000000000014e+01
-1.444999999999999929e+01
-1.441000000000000014e+01
-1.425999999999999979e+01
-1.408999999999999986e+01
-1.390000000000000036e+01
-1.373000000000000043e+01
-1.352999999999999936e+01
-1.338000000000000078e+01
-1.321000000000000085e+01
-1.306000000000000050e+01
-1.283000000000000007e+01
-1.259999999999999964e+01
-1.244999999999999929e+01
-1.232000000000000028e+01
-1.223000000000000043e+01
-1.216000000000000014e+01
-1.197000000000000064e+01
-1.169999999999999929e+01
-1.146000000000000085e+01
-1.123000000000000043e+01
-1.116000000000000014e+01
-1.103999999999999915e+01
-1.086999999999999922e+01
-1.071000000000000085e+01
-1.066000000000000014e+01
-1.041999999999999993e+01
-1.027999999999999936e+01
-1.010999999999999943e+01
-1.002999999999999936e+01
-9.810000000000000497e+00
-9.650000000000000355e+00
-9.460000000000000853e+00
-9.410000000000000142e+00
-9.210000000000000853e+00
-9.089999999999999858e+00
-9.039999999999999147e+00
-9.009999999999999787e+00
-9.000000000000000000e+00
-8.880000000000000782e+00
-8.789999999999999147e+00
-8.699999999999999289e+00
-8.509999999999999787e+00
-8.410000000000000142e+00
-8.390000000000000568e+00
-8.250000000000000000e+00
-8.019999999999999574e+00
-7.929999999999999716e+00
-7.820000000000000284e+00
-7.679999999999999716e+00
-7.540000000000000036e+00
-7.490000000000000213e+00
-7.309999999999999609e+00
-7.179999999999999716e+00
-7.110000000000000320e+00
-7.129999999999999893e+00
-7.099999999999999645e+00
-6.910000000000000142e+00
-6.790000000000000036e+00
-6.679999999999999716e+00
-6.580000000000000071e+00
-6.400000000000000355e+00
-6.150000000000000355e+00
-6.059999999999999609e+00
-6.000000000000000000e+00
-5.900000000000000355e+00
-5.730000000000000426e+00
-5.629999999999999893e+00
-5.589999999999999858e+00
-5.419999999999999929e+00
-5.250000000000000000e+00
-5.080000000000000071e+00
-4.849999999999999645e+00
-4.679999999999999716e+00
-4.540000000000000036e+00
-4.330000000000000071e+00
-4.240000000000000213e+00
-4.080000000000000071e+00
-3.850000000000000089e+00
-3.750000000000000000e+00
-3.649999999999999911e+00
-3.439999999999999947e+00
-3.279999999999999805e+00
-3.129999999999999893e+00
-3.060000000000000053e+00
-3.040000000000000036e+00
-2.750000000000000000e+00
-2.600000000000000089e+00
-2.359999999999999876e+00
-2.359999999999999876e+00
-2.169999999999999929e+00
-2.020000000000000018e+00
-1.840000000000000080e+00
-1.639999999999999902e+00
-1.459999999999999964e+00
-1.449999999999999956e+00
-1.379999999999999893e+00
-1.209999999999999964e+00
-1.040000000000000036e+00
-8.599999999999999867e-01
-7.500000000000000000e-01
-8.000000000000000444e-01
-5.400000000000000355e-01
-4.500000000000000111e-01
-3.300000000000000155e-01
-1.799999999999999933e-01
-7.000000000000000666e-02
-1.000000000000000056e-01
2.000000000000000042e-02
1.300000000000000044e-01
2.300000000000000100e-01
2.999999999999999889e-01
3.599999999999999867e-01
4.899999999999999911e-01
6.500000000000000222e-01
8.000000000000000444e-01
1.090000000000000080e+00
1.100000000000000089e+00
1.080000000000000071e+00
1.110000000000000098e+00
1.070000000000000062e+00
1.229999999999999982e+00
1.370000000000000107e+00
1.399999999999999911e+00
1.540000000000000036e+00
1.760000000000000009e+00
1.770000000000000018e+00
1.889999999999999902e+00
1.909999999999999920e+00
2.120000000000000107e+00
2.180000000000000160e+00
2.290000000000000036e+00
2.359999999999999876e+00
2.560000000000000053e+00
2.689999999999999947e+00
2.759999999999999787e+00
2.979999999999999982e+00
3.160000000000000142e+00
3.319999999999999840e+00
3.439999999999999947e+00
3.680000000000000160e+00
3.810000000000000053e+00
3.870000000000000107e+00
3.979999999999999982e+00
4.209999999999999964e+00
4.280000000000000249e+00
4.320000000000000284e+00
4.509999999999999787e+00
4.629999999999999893e+00
4.730000000000000426e+00
4.799999999999999822e+00
4.990000000000000213e+00
5.070000000000000284e+00
5.129999999999999893e+00
5.330000000000000071e+00
5.530000000000000249e+00
5.669999999999999929e+00
5.700000000000000178e+00
5.879999999999999893e+00
6.019999999999999574e+00
6.179999999999999716e+00
6.219999999999999751e+00
6.259999999999999787e+00
6.490000000000000213e+00
6.650000000000000355e+00
6.759999999999999787e+00
6.839999999999999858e+00
7.059999999999999609e+00
7.190000000000000391e+00
7.209999999999999964e+00
7.269999999999999574e+00
7.370000000000000107e+00
7.429999999999999716e+00
7.480000000000000426e+00
7.620000000000000107e+00
7.669999999999999929e+00
7.820000000000000284e+00
7.719999999999999751e+00
7.620000000000000107e+00
7.700000000000000178e+00
7.700000000000000178e+00
7.740000000000000213e+00
7.820000000000000284e+00
7.919999999999999929e+00
8.060000000000000497e+00
8.210000000000000853e+00
8.269999999999999574e+00
8.330000000000000071e+00
8.390000000000000568e+00
8.529999999999999361e+00
8.619999999999999218e+00
8.750000000000000000e+00
8.810000000000000497e+00
8.869999999999999218e+00
8.900000000000000355e+00
9.009999999999999787e+00
9.109999999999999432e+00
9.140000000000000568e+00
9.169999999999999929e+00
9.230000000000000426e+00
9.259999999999999787e+00
9.419999999999999929e+00
9.410000000000000142e+00
9.500000000000000000e+00
9.529999999999999361e+00
9.490000000000000213e+00
9.519999999999999574e+00
9.660000000000000142e+00
9.699999999999999289e+00
9.689999999999999503e+00
9.759999999999999787e+00
9.810000000000000497e+00
9.769999999999999574e+00
9.839999999999999858e+00
9.859999999999999432e+00
9.939999999999999503e+00
9.929999999999999716e+00
1.001999999999999957e+01
1.009999999999999964e+01
1.016000000000000014e+01
1.025000000000000000e+01
1.039000000000000057e+01
1.046000000000000085e+01
1.050999999999999979e+01
1.053999999999999915e+01
1.063000000000000078e+01
1.073000000000000043e+01
1.080000000000000071e+01
1.091000000000000014e+01
1.093999999999999950e+01
1.098000000000000043e+01
1.096000000000000085e+01
1.108000000000000007e+01
1.106000000000000050e+01
1.101999999999999957e+01
1.100000000000000000e+01
1.101999999999999957e+01
1.106000000000000050e+01
1.113000000000000078e+01
1.119999999999999929e+01
1.118999999999999950e+01
1.127999999999999936e+01
1.133000000000000007e+01
1.147000000000000064e+01
1.144999999999999929e+01
1.155000000000000071e+01
1.158000000000000007e+01
1.161999999999999922e+01
1.167999999999999972e+01
1.160999999999999943e+01
1.165000000000000036e+01
1.168999999999999950e+01
1.169999999999999929e+01
1.183999999999999986e+01
1.188000000000000078e+01
1.191999999999999993e+01
1.205000000000000071e+01
1.216000000000000014e+01
1.214000000000000057e+01
1.214000000000000057e+01
1.217999999999999972e+01
1.223000000000000043e+01
1.218999999999999950e+01
1.222000000000000064e+01
1.231000000000000050e+01
1.233999999999999986e+01
1.239000000000000057e+01
1.241999999999999993e+01
1.252999999999999936e+01
1.260999999999999943e+01
1.261999999999999922e+01
1.263000000000000078e+01
1.256000000000000050e+01
1.263000000000000078e+01
1.263000000000000078e+01
1.266000000000000014e+01
1.266000000000000014e+01
1.290000000000000036e+01
1.302999999999999936e+01
1.310999999999999943e+01
1.324000000000000021e+01
1.327999999999999936e+01
1.332000000000000028e+01
1.339000000000000057e+01
1.342999999999999972e+01
1.351999999999999957e+01
1.350000000000000000e+01
1.355000000000000071e+01
1.355000000000000071e+01
1.360999999999999943e+01
1.366000000000000014e+01
1.364000000000000057e+01
1.368999999999999950e+01
1.369999999999999929e+01
1.372000000000000064e+01
1.376999999999999957e+01
1.376999999999999957e+01
1.384999999999999964e+01
1.389000000000000057e+01
1.391000000000000014e+01
1.391000000000000014e+01
1.396000000000000085e+01
1.402999999999999936e+01
1.409999999999999964e+01
1.416000000000000014e+01
1.419999999999999929e+01
1.425999999999999979e+01
1.428999999999999915e+01
1.433999999999999986e+01
1.441999999999999993e+01
1.446000000000000085e+01
1.446000000000000085e+01
1.453999999999999915e+01
1.452999999999999936e+01
1.456000000000000050e+01
1.456000000000000050e+01
1.457000000000000028e+01
1.461999999999999922e+01
1.465000000000000036e+01
1.469999999999999929e+01
1.478999999999999915e+01
1.475000000000000000e+01
1.474000000000000021e+01
1.481000000000000050e+01
1.483000000000000007e+01
1.484999999999999964e+01
1.488000000000000078e+01
1.484999999999999964e+01
1.485999999999999943e+01
1.494999999999999929e+01
1.497000000000000064e+01
1.502999999999999936e+01
1.500999999999999979e+01
1.513000000000000078e+01
1.516999999999999993e+01
1.526999999999999957e+01
1.527999999999999936e+01
1.533000000000000007e+01
1.539000000000000057e+01
1.542999999999999972e+01
1.543999999999999950e+01
1.544999999999999929e+01
1.549000000000000021e+01
1.548000000000000043e+01
1.552999999999999936e+01
1.550999999999999979e+01
1.553999999999999915e+01
1.553999999999999915e+01
1.560999999999999943e+01
1.573000000000000043e+01
1.576999999999999957e+01
1.581000000000000050e+01
1.583000000000000007e+01
1.580000000000000071e+01
1.578999999999999915e+01
1.583999999999999986e+01
1.586999999999999922e+01
1.585999999999999943e+01
1.591999999999999993e+01
1.601000000000000156e+01
1.605000000000000071e+01
1.610000000000000142e+01
1.612999999999999901e+01
1.612000000000000099e+01
1.617000000000000171e+01
1.623000000000000043e+01
1.621999999999999886e+01
1.623999999999999844e+01
1.626000000000000156e+01
1.626999999999999957e+01
1.633999999999999986e+01
1.642000000000000171e+01
1.651999999999999957e+01
1.648999999999999844e+01
1.646000000000000085e+01
1.651999999999999957e+01
1.660999999999999943e+01
1.664000000000000057e+01
1.667000000000000171e+01
1.669000000000000128e+01
1.673999999999999844e+01
1.675000000000000000e+01
1.673999999999999844e+01
1.673000000000000043e+01
1.678000000000000114e+01
1.673999999999999844e+01
1.678000000000000114e+01
1.678000000000000114e+01
1.682000000000000028e+01
1.683999999999999986e+01
1.682000000000000028e+01
1.685000000000000142e+01
1.687000000000000099e+01
1.692999999999999972e+01
1.698000000000000043e+01
1.703000000000000114e+01
1.703999999999999915e+01
1.698999999999999844e+01
1.698000000000000043e+01
1.701000000000000156e+01
1.705000000000000071e+01
1.698000000000000043e+01
1.700000000000000000e+01
1.692999999999999972e+01
1.692999999999999972e+01
1.701000000000000156e+01
1.698999999999999844e+01
1.698999999999999844e+01
1.694999999999999929e+01
1.696999999999999886e+01
1.700000000000000000e+01
1.696999999999999886e+01
1.698999999999999844e+01
1.703000000000000114e+01
1.696999999999999886e+01
1.701000000000000156e+01
1.698999999999999844e+01
1.701000000000000156e+01
1.700000000000000000e+01
1.698999999999999844e+01
1.696000000000000085e+01
1.696999999999999886e+01
1.701000000000000156e+01
1.701000000000000156e+01
1.703999999999999915e+01
1.701000000000000156e+01
1.698000000000000043e+01
1.705999999999999872e+01
1.701000000000000156e+01
1.696000000000000085e+01
1.701000000000000156e+01
1.700000000000000000e+01
1.703000000000000114e+01
1.698999999999999844e+01
1.703999999999999915e+01
1.705999999999999872e+01
1.710999999999999943e+01
1.707999999999999829e+01
1.708999999999999986e+01
1.708999999999999986e+01
1.708999999999999986e+01
1.712999999999999901e+01
1.716000000000000014e+01
1.721000000000000085e+01
1.721999999999999886e+01
1.723999999999999844e+01
1.725000000000000000e+01
1.725000000000000000e+01
1.723999999999999844e+01
1.726000000000000156e+01
1.725000000000000000e+01
1.723999999999999844e+01
1.730999999999999872e+01
1.732999999999999829e+01
1.733999999999999986e+01
1.735999999999999943e+01
1.735999999999999943e+01
1.737999999999999901e+01
1.730999999999999872e+01
1.732999999999999829e+01
1.735000000000000142e+01
1.735000000000000142e+01
1.739999999999999858e+01
1.735999999999999943e+01
1.735999999999999943e+01
1.733999999999999986e+01
1.732000000000000028e+01
1.732000000000000028e+01
1.728000000000000114e+01
1.728999999999999915e+01
1.723999999999999844e+01
1.723000000000000043e+01
1.730000000000000071e+01
1.735999999999999943e+01
1.739999999999999858e+01
1.732999999999999829e+01
1.735999999999999943e+01
1.733999999999999986e+01
1.735999999999999943e+01
1.737000000000000099e+01
1.735999999999999943e+01
1.739000000000000057e+01
1.739000000000000057e+01
1.744000000000000128e+01
1.744000000000000128e+01
1.751000000000000156e+01
1.751999999999999957e+01
1.751000000000000156e+01
1.751999999999999957e+01
1.753000000000000114e+01
1.751999999999999957e+01
1.755999999999999872e+01
1.751999999999999957e+01
1.748000000000000043e+01
1.742000000000000171e+01
1.742999999999999972e+01
1.741000000000000014e+01
1.746999999999999886e+01
1.751999999999999957e+01
1.748000000000000043e+01
1.748999999999999844e+01
1.757000000000000028e+01
1.757000000000000028e+01
1.762999999999999901e+01
1.764999999999999858e+01
1.762000000000000099e+01
1.764999999999999858e+01
1.767999999999999972e+01
1.776999999999999957e+01
1.778999999999999915e+01
1.778000000000000114e+01
1.785999999999999943e+01
1.785999999999999943e+01
1.787000000000000099e+01
1.796000000000000085e+01
1.798000000000000043e+01
1.800000000000000000e+01
1.801000000000000156e+01
1.801999999999999957e+01
1.801999999999999957e+01
1.807999999999999829e+01
1.810999999999999943e+01
1.810999999999999943e+01
1.814999999999999858e+01
1.810999999999999943e+01
1.816000000000000014e+01
1.821000000000000085e+01
1.817999999999999972e+01
1.826000000000000156e+01
1.828999999999999915e+01
1.828999999999999915e+01
1.832999999999999829e+01
1.833999999999999986e+01
1.835000000000000142e+01
1.835000000000000142e+01
1.832999999999999829e+01
1.832000000000000028e+01
1.837000000000000099e+01
1.832999999999999829e+01
1.833999999999999986e+01
1.835999999999999943e+01
1.837000000000000099e+01
1.833999999999999986e+01
1.828999999999999915e+01
1.830000000000000071e+01
1.828999999999999915e+01
1.830999999999999872e+01
1.832999999999999829e+01
1.832999999999999829e+01
1.832999999999999829e+01
1.835000000000000142e+01
1.839000000000000057e+01
1.839000000000000057e+01
1.839999999999999858e+01
1.841000000000000014e+01
1.835999999999999943e+01
1.835000000000000142e+01
1.837999999999999901e+01
1.846000000000000085e+01
1.844999999999999929e+01
1.842000000000000171e+01
1.844000000000000128e+01
1.846000000000000085e+01
1.853000000000000114e+01
1.853000000000000114e+01
1.855000000000000071e+01
1.858999999999999986e+01
1.860000000000000142e+01
1.862000000000000099e+01
1.864000000000000057e+01
1.869000000000000128e+01
1.869999999999999929e+01
1.864999999999999858e+01
1.864000000000000057e+01
1.864999999999999858e+01
1.867999999999999972e+01
1.867000000000000171e+01
1.869999999999999929e+01
1.871000000000000085e+01
1.871999999999999886e+01
1.871999999999999886e+01
1.866000000000000014e+01
1.866000000000000014e+01
1.864999999999999858e+01
1.862000000000000099e+01
1.857000000000000028e+01
1.855999999999999872e+01
1.857999999999999829e+01
1.857999999999999829e+01
1.858999999999999986e+01
1.860999999999999943e+01
1.858999999999999986e+01
1.862999999999999901e+01
1.867000000000000171e+01
1.869999999999999929e+01
1.869000000000000128e+01
1.871000000000000085e+01
1.871999999999999886e+01
1.869999999999999929e+01
1.873000000000000043e+01
1.871999999999999886e+01
1.869999999999999929e+01
1.869000000000000128e+01
1.867000000000000171e+01
1.864999999999999858e+01
1.867999999999999972e+01
1.867999999999999972e+01
1.867999999999999972e+01
1.864999999999999858e+01
1.864000000000000057e+01
1.866000000000000014e+01
1.864000000000000057e+01
1.869000000000000128e+01
1.869999999999999929e+01
1.871999999999999886e+01
1.869000000000000128e+01
1.871999999999999886e+01
1.871000000000000085e+01
1.871000000000000085e+01
1.873000000000000043e+01
1.869999999999999929e+01
1.864999999999999858e+01
1.867000000000000171e+01
1.864999999999999858e+01
1.867999999999999972e+01
1.867999999999999972e+01
1.867000000000000171e+01
1.867000000000000171e+01
1.862000000000000099e+01
1.860999999999999943e+01
1.853999999999999915e+01
1.855999999999999872e+01
1.853999999999999915e+01
1.858999999999999986e+01
1.857000000000000028e+01
1.855000000000000071e+01
1.855000000000000071e+01
1.855000000000000071e+01
1.855000000000000071e+01
1.851000000000000156e+01
1.848999999999999844e+01
1.848000000000000043e+01
1.851999999999999957e+01
1.855999999999999872e+01
1.858999999999999986e+01
1.857000000000000028e+01
1.855999999999999872e+01
1.857000000000000028e+01
1.853000000000000114e+01
1.851000000000000156e+01
1.848000000000000043e+01
1.844000000000000128e+01
1.842000000000000171e+01
1.842000000000000171e+01
1.842000000000000171e+01
1.848999999999999844e+01
1.851999999999999957e+01
1.846999999999999886e+01
1.846999999999999886e+01
1.848000000000000043e+01
1.851000000000000156e+01
1.848000000000000043e+01
1.850000000000000000e+01
1.846999999999999886e+01
1.846000000000000085e+01
1.846000000000000085e+01
1.844999999999999929e+01
1.842999999999999972e+01
1.844000000000000128e+01
1.844999999999999929e+01
1.842000000000000171e+01
1.842000000000000171e+01
1.846999999999999886e+01
1.844999999999999929e+01
1.842999999999999972e+01
1.846000000000000085e+01
1.844000000000000128e+01
1.842999999999999972e+01
1.842000000000000171e+01
1.841000000000000014e+01
1.842999999999999972e+01
1.851999999999999957e+01
1.851999999999999957e+01
1.851999999999999957e+01
1.853999999999999915e+01
1.857000000000000028e+01
1.860999999999999943e+01
1.860000000000000142e+01
1.858999999999999986e+01
1.858999999999999986e+01
1.857000000000000028e+01
1.858999999999999986e+01
1.857000000000000028e+01
1.857999999999999829e+01
1.857999999999999829e+01
1.858999999999999986e+01
1.857000000000000028e+01
1.858999999999999986e+01
1.860999999999999943e+01
1.858999999999999986e+01
1.857000000000000028e+01
1.855999999999999872e+01
1.857000000000000028e+01
1.855999999999999872e+01
1.853999999999999915e+01
1.851999999999999957e+01
1.848000000000000043e+01
1.848000000000000043e+01
1.851999999999999957e+01
1.853000000000000114e+01
1.851000000000000156e+01
1.851000000000000156e+01
1.851000000000000156e+01
1.846000000000000085e+01
1.842999999999999972e+01
1.844000000000000128e+01
1.842999999999999972e+01
1.844000000000000128e+01
1.837999999999999901e+01
1.837999999999999901e+01
1.839999999999999858e+01
1.844000000000000128e+01
1.844000000000000128e+01
1.846000000000000085e+01
1.848000000000000043e+01
1.844999999999999929e+01
1.844000000000000128e+01
1.846999999999999886e+01
1.848999999999999844e+01
1.851000000000000156e+01
1.857000000000000028e+01
1.855999999999999872e+01
1.857999999999999829e+01
1.857000000000000028e+01
1.858999999999999986e+01
1.864000000000000057e+01
1.864000000000000057e+01
1.867000000000000171e+01
1.871999999999999886e+01
1.871999999999999886e+01
1.869999999999999929e+01
1.869000000000000128e+01
1.866000000000000014e+01
1.866000000000000014e+01
1.866000000000000014e+01
1.867999999999999972e+01
1.862000000000000099e+01
1.862999999999999901e+01
1.866000000000000014e+01
1.866000000000000014e+01
1.869000000000000128e+01
1.873999999999999844e+01
1.875000000000000000e+01
1.876999999999999957e+01
1.873999999999999844e+01
1.873000000000000043e+01
1.873999999999999844e+01
1.876999999999999957e+01
1.871000000000000085e+01
1.869000000000000128e+01
1.867000000000000171e+01
1.869999999999999929e+01
1.869000000000000128e+01
1.873000000000000043e+01
1.871999999999999886e+01
1.873000000000000043e+01
1.876000000000000156e+01
1.875000000000000000e+01
1.876000000000000156e+01
1.873999999999999844e+01
1.876999999999999957e+01
1.873000000000000043e+01
1.871999999999999886e+01
1.869000000000000128e+01
1.871000000000000085e+01
1.869999999999999929e+01
1.871999999999999886e+01
1.869999999999999929e+01
1.871999999999999886e+01
1.867000000000000171e+01
1.866000000000000014e+01
1.866000000000000014e+01
1.869000000000000128e+01
1.864999999999999858e+01
1.860000000000000142e+01
1.857999999999999829e+01
1.855999999999999872e+01
1.855000000000000071e+01
1.853999999999999915e+01
1.851999999999999957e+01
1.857000000000000028e+01
1.855999999999999872e+01
1.858999999999999986e+01
1.855999999999999872e+01
1.855000000000000071e+01
1.855999999999999872e+01
1.860999999999999943e+01
1.860000000000000142e+01
1.860000000000000142e+01
1.858999999999999986e+01
1.862000000000000099e+01
1.860999999999999943e+01
1.860000000000000142e+01
1.862000000000000099e+01
1.866000000000000014e+01
1.867999999999999972e+01
1.869999999999999929e+01
1.869999999999999929e+01
1.867999999999999972e+01
1.867000000000000171e+01
1.864999999999999858e+01
1.866000000000000014e+01
1.864000000000000057e+01
1.867000000000000171e+01
1.862999999999999901e+01
1.862999999999999901e+01
1.860999999999999943e+01
1.860000000000000142e+01
1.869000000000000128e+01
1.867999999999999972e+01
1.869000000000000128e+01
1.869999999999999929e+01
1.869999999999999929e+01
1.871000000000000085e+01
1.871000000000000085e+01
1.873000000000000043e+01
1.871999999999999886e+01
1.871000000000000085e+01
1.871999999999999886e+01
1.871000000000000085e+01
1.871000000000000085e+01
1.871000000000000085e+01
1.873000000000000043e+01
1.873999999999999844e+01
1.871999999999999886e+01
1.871999999999999886e+01
1.871999999999999886e+01
1.871000000000000085e+01
1.867000000000000171e+01
1.867999999999999972e+01
1.873000000000000043e+01
1.876000000000000156e+01
1.878999999999999915e+01
1.878000000000000114e+01
1.878000000000000114e+01
1.880999999999999872e+01
1.887000000000000099e+01
1.883999999999999986e+01
1.885000000000000142e+01
1.887000000000000099e+01
1.887999999999999901e+01
1.880000000000000071e+01
1.880000000000000071e+01
1.878999999999999915e+01
1.882999999999999829e+01
1.882000000000000028e+01
1.876999999999999957e+01
1.875000000000000000e+01
1.880999999999999872e+01
1.880999999999999872e+01
1.880999999999999872e+01
1.880999999999999872e+01
1.880999999999999872e+01
1.882000000000000028e+01
1.883999999999999986e+01
1.882999999999999829e+01
1.882999999999999829e+01
1.887000000000000099e+01
1.887999999999999901e+01
1.887999999999999901e+01
1.887999999999999901e+01
1.889999999999999858e+01
1.887999999999999901e+01
1.892999999999999972e+01
1.892999999999999972e+01
1.896000000000000085e+01
1.898000000000000043e+01
1.898999999999999844e+01
1.896999999999999886e+01
1.901999999999999957e+01
1.901999999999999957e+01
1.901000000000000156e+01
1.901000000000000156e+01
1.907000000000000028e+01
1.907000000000000028e+01
1.910999999999999943e+01
1.912000000000000099e+01
1.914999999999999858e+01
1.914000000000000057e+01
1.916000000000000014e+01
1.912000000000000099e+01
1.912000000000000099e+01
1.910999999999999943e+01
1.914000000000000057e+01
1.914000000000000057e+01
1.914000000000000057e+01
1.914000000000000057e+01
1.914000000000000057e+01
1.912999999999999901e+01
1.916000000000000014e+01
1.917000000000000171e+01
1.923000000000000043e+01
1.921999999999999886e+01
1.921000000000000085e+01
1.921999999999999886e+01
1.921000000000000085e+01
1.923000000000000043e+01
1.923000000000000043e+01
1.923999999999999844e+01
1.919000000000000128e+01
1.923000000000000043e+01
1.925000000000000000e+01
1.926999999999999957e+01
1.926999999999999957e+01
1.932000000000000028e+01
1.930999999999999872e+01
1.933999999999999986e+01
1.933999999999999986e+01
1.928000000000000114e+01
1.928000000000000114e+01
1.925000000000000000e+01
1.921999999999999886e+01
1.923000000000000043e+01
1.921000000000000085e+01
1.921999999999999886e+01
1.919999999999999929e+01
1.921000000000000085e+01
1.917999999999999972e+01
1.917999999999999972e+01
1.917000000000000171e+01
1.917000000000000171e+01
1.917000000000000171e+01
1.916000000000000014e+01
1.910000000000000142e+01
1.894000000000000128e+01
1.885000000000000142e+01
1.883999999999999986e+01
1.880999999999999872e+01
1.885000000000000142e+01
1.887000000000000099e+01
1.885000000000000142e+01
1.882999999999999829e+01
1.880000000000000071e+01
1.882000000000000028e+01
1.876999999999999957e+01
1.876000000000000156e+01
1.875000000000000000e+01
1.876000000000000156e+01
1.873999999999999844e+01
1.873000000000000043e+01
1.871000000000000085e+01
1.876999999999999957e+01
1.878999999999999915e+01
1.876999999999999957e+01
1.873000000000000043e+01
1.873999999999999844e+01
1.875000000000000000e+01
1.878999999999999915e+01
1.878999999999999915e+01
1.882000000000000028e+01
1.882000000000000028e+01
1.876000000000000156e+01
1.876000000000000156e+01
1.873000000000000043e+01
1.873999999999999844e+01
1.871999999999999886e+01
1.871000000000000085e+01
1.869000000000000128e+01
1.864000000000000057e+01
1.864000000000000057e+01
1.864000000000000057e+01
1.864999999999999858e+01
1.864999999999999858e+01
1.866000000000000014e+01
1.864000000000000057e+01
1.862999999999999901e+01
1.860999999999999943e+01
1.864000000000000057e+01
1.866000000000000014e+01
1.866000000000000014e+01
1.867000000000000171e+01
1.866000000000000014e+01
1.864999999999999858e+01
1.864999999999999858e+01
1.867000000000000171e+01
1.867000000000000171e+01
1.862999999999999901e+01
1.860999999999999943e+01
1.862999999999999901e+01
1.860999999999999943e+01
1.866000000000000014e+01
1.860999999999999943e+01
1.860999999999999943e+01
1.858999999999999986e+01
1.862999999999999901e+01
1.862000000000000099e+01
1.857999999999999829e+01
1.855999999999999872e+01
1.855999999999999872e+01
1.855000000000000071e+01
1.853000000000000114e+01
1.846999999999999886e+01
1.842999999999999972e+01
1.837000000000000099e+01
1.832999999999999829e+01
1.832999999999999829e+01
1.833999999999999986e+01
1.830000000000000071e+01
1.830000000000000071e+01
1.832000000000000028e+01
1.830000000000000071e+01
1.828999999999999915e+01
1.821999999999999886e+01
1.823999999999999844e+01
1.821000000000000085e+01
1.821000000000000085e+01
1.816000000000000014e+01
1.814999999999999858e+01
1.817999999999999972e+01
1.817999999999999972e+01
1.819000000000000128e+01
1.823000000000000043e+01
1.817000000000000171e+01
1.810000000000000142e+01
1.810000000000000142e+01
1.810999999999999943e+01
1.814000000000000057e+01
1.817000000000000171e+01
1.814999999999999858e+01
1.817000000000000171e+01
1.817000000000000171e+01
1.814999999999999858e+01
1.814999999999999858e+01
1.817999999999999972e+01
1.837000000000000099e+01
1.846000000000000085e+01
1.846999999999999886e+01
1.848999999999999844e+01
1.846999999999999886e+01
1.848000000000000043e+01
1.848000000000000043e+01
1.850000000000000000e+01
1.848999999999999844e+01
1.846000000000000085e+01
1.851000000000000156e+01
1.851999999999999957e+01
1.853000000000000114e+01
1.853999999999999915e+01
1.855999999999999872e+01
1.855000000000000071e+01
1.855999999999999872e+01
1.855999999999999872e+01
1.855999999999999872e+01
1.855000000000000071e+01
1.855999999999999872e+01
1.857000000000000028e+01
1.858999999999999986e+01
1.858999999999999986e+01
1.857999999999999829e+01
1.857999999999999829e+01
1.857000000000000028e+01
1.860000000000000142e+01
1.860999999999999943e+01
1.862000000000000099e+01
1.860000000000000142e+01
1.862000000000000099e+01
1.860000000000000142e+01
1.860000000000000142e+01
1.864000000000000057e+01
1.866000000000000014e+01
1.864999999999999858e+01
1.866000000000000014e+01
1.869000000000000128e+01
1.866000000000000014e+01
1.867999999999999972e+01
1.867000000000000171e+01
1.869000000000000128e+01
1.866000000000000014e+01
1.858999999999999986e+01
1.857999999999999829e+01
1.858999999999999986e+01
1.860000000000000142e+01
1.862000000000000099e+01
1.860999999999999943e+01
1.860000000000000142e+01
1.855999999999999872e+01
1.857000000000000028e+01
1.857999999999999829e+01
1.860000000000000142e+01
1.862999999999999901e+01
1.860999999999999943e+01
1.866000000000000014e+01
1.862000000000000099e+01
1.860999999999999943e+01
1.853999999999999915e+01
1.855999999999999872e+01
1.860999999999999943e+01
1.860999999999999943e+01
1.858999999999999986e+01
1.862999999999999901e+01
1.862000000000000099e+01
1.867999999999999972e+01
1.873999999999999844e+01
1.878999999999999915e+01
1.882000000000000028e+01
1.880999999999999872e+01
1.878999999999999915e+01
1.882999999999999829e+01
1.883999999999999986e+01
1.887999999999999901e+01
1.891000000000000014e+01
1.891000000000000014e+01
1.894999999999999929e+01
1.892999999999999972e+01
1.892999999999999972e+01
1.894999999999999929e+01
1.896000000000000085e+01
1.894999999999999929e+01
1.898000000000000043e+01
1.898999999999999844e+01
1.898000000000000043e+01
1.896999999999999886e+01
1.898999999999999844e+01
1.903000000000000114e+01
1.900000000000000000e+01
1.898999999999999844e+01
1.898000000000000043e+01
1.896999999999999886e+01
1.896999999999999886e+01
1.896000000000000085e+01
1.894000000000000128e+01
1.892999999999999972e+01
1.892999999999999972e+01
1.894999999999999929e+01
1.894000000000000128e+01
1.894000000000000128e+01
1.889000000000000057e+01
1.891000000000000014e+01
1.892999999999999972e+01
1.891000000000000014e+01
1.887000000000000099e+01
1.885000000000000142e+01
1.885000000000000142e+01
1.885000000000000142e+01
1.883999999999999986e+01
1.882999999999999829e+01
1.885000000000000142e+01
1.885999999999999943e+01
1.887000000000000099e+01
1.889999999999999858e+01
1.891000000000000014e+01
1.889000000000000057e+01
1.885000000000000142e+01
1.889000000000000057e+01
1.885999999999999943e+01
1.885999999999999943e+01
1.887000000000000099e+01
1.883999999999999986e+01
1.883999999999999986e+01
1.882999999999999829e+01
1.883999999999999986e+01
1.882999999999999829e+01
1.880999999999999872e+01
1.882000000000000028e+01
1.880000000000000071e+01
1.880999999999999872e+01
1.880999999999999872e+01
1.882000000000000028e+01
1.880999999999999872e+01
1.876999999999999957e+01
1.873999999999999844e+01
1.873999999999999844e+01
1.873999999999999844e+01
1.873000000000000043e+01
1.869999999999999929e+01
1.871000000000000085e+01
1.871000000000000085e+01
1.871000000000000085e+01
1.871999999999999886e+01
1.867999999999999972e+01
1.858999999999999986e+01
1.855999999999999872e+01
1.848000000000000043e+01
1.844000000000000128e+01
1.848000000000000043e+01
1.851999999999999957e+01
1.855000000000000071e+01
1.846999999999999886e+01
1.842000000000000171e+01
1.835999999999999943e+01
1.837999999999999901e+01
1.835999999999999943e+01
1.837999999999999901e+01
1.832000000000000028e+01
1.837000000000000099e+01
1.832000000000000028e+01
1.826999999999999957e+01
1.828000000000000114e+01
1.830000000000000071e+01
1.819999999999999929e+01
1.823000000000000043e+01
1.817999999999999972e+01
1.817999999999999972e+01
1.819000000000000128e+01
1.819000000000000128e+01
1.812999999999999901e+01
1.812000000000000099e+01
1.812999999999999901e+01
1.807000000000000028e+01
1.805000000000000071e+01
1.801999999999999957e+01
1.803000000000000114e+01
1.805000000000000071e+01
1.800000000000000000e+01
1.798999999999999844e+01
1.798000000000000043e+01
1.798999999999999844e+01
1.800000000000000000e+01
1.796000000000000085e+01
1.796000000000000085e+01
1.798000000000000043e+01
1.798000000000000043e+01
1.798999999999999844e+01
1.798999999999999844e+01
1.800000000000000000e+01
1.801000000000000156e+01
1.800000000000000000e+01
1.798999999999999844e+01
1.796999999999999886e+01
1.798000000000000043e+01
1.798000000000000043e+01
1.801999999999999957e+01
1.800000000000000000e+01
1.798999999999999844e+01
1.798000000000000043e+01
1.796999999999999886e+01
1.803000000000000114e+01
1.803000000000000114e+01
1.801999999999999957e+01
1.803999999999999915e+01
1.810000000000000142e+01
1.807999999999999829e+01
1.807000000000000028e+01
1.808999999999999986e+01
1.805999999999999872e+01
1.807000000000000028e+01
1.803999999999999915e+01
1.803999999999999915e+01
1.803999999999999915e+01
1.798000000000000043e+01
1.796999999999999886e+01
1.798999999999999844e+01
1.801999999999999957e+01
1.798999999999999844e+01
1.801999999999999957e+01
1.800000000000000000e+01
1.800000000000000000e+01
1.801999999999999957e+01
1.801999999999999957e+01
1.803000000000000114e+01
1.803999999999999915e+01
1.803999999999999915e+01
1.805000000000000071e+01
1.803999999999999915e+01
1.805000000000000071e+01
1.805999999999999872e+01
1.807999999999999829e+01
1.807999999999999829e+01
1.803999999999999915e+01
1.807000000000000028e+01
1.808999999999999986e+01
1.805999999999999872e+01
1.798999999999999844e+01
1.803000000000000114e+01
1.800000000000000000e+01
1.796999999999999886e+01
1.796000000000000085e+01
1.798999999999999844e+01
1.801000000000000156e+01
1.807000000000000028e+01
1.810999999999999943e+01
1.814000000000000057e+01
1.823000000000000043e+01
1.826000000000000156e+01
1.826999999999999957e+01
1.826000000000000156e+01
1.825000000000000000e+01
1.828999999999999915e+01
1.830999999999999872e+01
1.835000000000000142e+01
1.830999999999999872e+01
1.828000000000000114e+01
1.828000000000000114e+01
1.832999999999999829e+01
1.832999999999999829e+01
1.832999999999999829e+01
1.837999999999999901e+01
1.835999999999999943e+01
1.837999999999999901e+01
1.842000000000000171e+01
1.839999999999999858e+01
1.844000000000000128e+01
1.839999999999999858e+01
1.839000000000000057e+01
1.835000000000000142e+01
1.842000000000000171e+01
1.839999999999999858e+01
1.839999999999999858e+01
1.842999999999999972e+01
1.842000000000000171e+01
1.844000000000000128e+01
1.839999999999999858e+01
1.837000000000000099e+01
1.842000000000000171e+01
1.846000000000000085e+01
1.846999999999999886e+01
1.848999999999999844e+01
1.848999999999999844e+01
1.851000000000000156e+01
1.853000000000000114e+01
1.855000000000000071e+01
1.851999999999999957e+01
1.853999999999999915e+01
1.857000000000000028e+01
1.857000000000000028e+01
1.858999999999999986e+01
1.855999999999999872e+01
1.857999999999999829e+01
1.862999999999999901e+01
1.860999999999999943e+01
1.862000000000000099e+01
1.858999999999999986e+01
1.860000000000000142e+01
1.851999999999999957e+01
1.851999999999999957e+01
1.853000000000000114e+01
1.848999999999999844e+01
1.848000000000000043e+01
1.846999999999999886e+01
1.846000000000000085e+01
1.846000000000000085e+01
1.850000000000000000e+01
1.853999999999999915e+01
1.853999999999999915e+01
1.858999999999999986e+01
1.855999999999999872e+01
1.858999999999999986e+01
1.858999999999999986e+01
1.855999999999999872e+01
1.860999999999999943e+01
1.855999999999999872e+01
1.857000000000000028e+01
1.855999999999999872e+01
1.851999999999999957e+01
1.853000000000000114e+01
1.855000000000000071e+01
1.855999999999999872e+01
1.851000000000000156e+01
1.851000000000000156e+01
1.848000000000000043e+01
1.844000000000000128e+01
1.848000000000000043e+01
1.848999999999999844e+01
1.851000000000000156e+01
1.851999999999999957e+01
1.846999999999999886e+01
1.846000000000000085e+01
1.846000000000000085e+01
1.850000000000000000e+01
1.844999999999999929e+01
1.848000000000000043e+01
1.844999999999999929e+01
1.848000000000000043e+01
1.848000000000000043e+01
1.855000000000000071e+01
1.858999999999999986e+01
1.857000000000000028e+01
1.857000000000000028e+01
1.858999999999999986e+01
1.858999999999999986e+01
1.862000000000000099e+01
1.862999999999999901e+01
1.860999999999999943e+01
1.862999999999999901e+01
1.864000000000000057e+01
1.864999999999999858e+01
1.864999999999999858e+01
1.869000000000000128e+01
1.871999999999999886e+01
1.867999999999999972e+01
1.871999999999999886e+01
1.876000000000000156e+01
1.878000000000000114e+01
1.876999999999999957e+01
1.876000000000000156e+01
1.880000000000000071e+01
1.880000000000000071e+01
1.882999999999999829e+01
1.883999999999999986e+01
1.889000000000000057e+01
1.889999999999999858e+01
1.889999999999999858e+01
1.889999999999999858e+01
1.891000000000000014e+01
1.892999999999999972e+01
1.892000000000000171e+01
1.896999999999999886e+01
1.896000000000000085e+01
1.894999999999999929e+01
1.889999999999999858e+01
1.889000000000000057e+01
1.885000000000000142e+01
1.885999999999999943e+01
1.882000000000000028e+01
1.880000000000000071e+01
1.880000000000000071e+01
1.878000000000000114e+01
1.875000000000000000e+01
1.875000000000000000e+01
1.871000000000000085e+01
1.867000000000000171e+01
1.869999999999999929e+01
1.867000000000000171e+01
1.866000000000000014e+01
1.857000000000000028e+01
1.853000000000000114e+01
1.857999999999999829e+01
1.857000000000000028e+01
1.855999999999999872e+01
1.857999999999999829e+01
1.860000000000000142e+01
1.862000000000000099e+01
1.862999999999999901e+01
1.871000000000000085e+01
1.869999999999999929e+01
1.871000000000000085e+01
1.875000000000000000e+01
1.871999999999999886e+01
1.871000000000000085e+01
1.871999999999999886e+01
1.871000000000000085e+01
1.869999999999999929e+01
1.869000000000000128e+01
1.867999999999999972e+01
1.867000000000000171e+01
1.869999999999999929e+01
1.869999999999999929e+01
1.869000000000000128e+01
1.873000000000000043e+01
1.869000000000000128e+01
1.875000000000000000e+01
1.876000000000000156e+01
1.878999999999999915e+01
1.882999999999999829e+01
1.883999999999999986e+01
1.882999999999999829e+01
1.878999999999999915e+01
1.882999999999999829e+01
1.882000000000000028e+01
1.883999999999999986e+01
1.887000000000000099e+01
1.882000000000000028e+01
1.880999999999999872e+01
1.876999999999999957e+01
1.875000000000000000e+01
1.873999999999999844e+01
1.875000000000000000e+01
1.875000000000000000e+01
1.873999999999999844e+01
1.880000000000000071e+01
1.878000000000000114e+01
1.883999999999999986e+01
1.883999999999999986e+01
1.880000000000000071e+01
1.878000000000000114e+01
1.876999999999999957e+01
1.876000000000000156e+01
1.871000000000000085e+01
1.871000000000000085e+01
1.866000000000000014e+01
1.866000000000000014e+01
1.864000000000000057e+01
1.862999999999999901e+01
1.860000000000000142e+01
1.858999999999999986e+01
1.857999999999999829e+01
1.857000000000000028e+01
1.857000000000000028e+01
1.855999999999999872e+01
1.857000000000000028e+01
1.857000000000000028e+01
1.857000000000000028e+01
1.855000000000000071e+01
1.857000000000000028e+01
1.860000000000000142e+01
1.857000000000000028e+01
1.855000000000000071e+01
1.855999999999999872e+01
1.850000000000000000e+01
1.848000000000000043e+01
1.848999999999999844e+01
1.848999999999999844e+01
1.853000000000000114e+01
1.855999999999999872e+01
1.857999999999999829e+01
1.857999999999999829e+01
1.851000000000000156e+01
1.850000000000000000e+01
1.853000000000000114e+01
1.857999999999999829e+01
1.855999999999999872e+01
1.862000000000000099e+01
1.864000000000000057e+01
1.867999999999999972e+01
1.869999999999999929e+01
1.867999999999999972e+01
1.867000000000000171e+01
1.869999999999999929e+01
1.869000000000000128e+01
1.869000000000000128e+01
1.869000000000000128e+01
1.867000000000000171e+01
1.871000000000000085e+01
1.873999999999999844e+01
1.882999999999999829e+01
1.883999999999999986e+01
1.878000000000000114e+01
1.878000000000000114e+01
1.876999999999999957e+01
1.875000000000000000e+01
1.869999999999999929e+01
1.869000000000000128e+01
1.867000000000000171e+01
1.864000000000000057e+01
1.862000000000000099e+01
1.855999999999999872e+01
1.851999999999999957e+01
1.855000000000000071e+01
1.855999999999999872e+01
1.853000000000000114e+01
1.851000000000000156e+01
1.850000000000000000e+01
1.851000000000000156e+01
1.853000000000000114e+01
1.851999999999999957e+01
1.842999999999999972e+01
1.842000000000000171e+01
1.844000000000000128e+01
1.842999999999999972e+01
1.844000000000000128e+01
1.839999999999999858e+01
1.839000000000000057e+01
1.833999999999999986e+01
1.832000000000000028e+01
1.830999999999999872e+01
1.832000000000000028e+01
1.833999999999999986e+01
1.833999999999999986e+01
1.837000000000000099e+01
1.830999999999999872e+01
1.828999999999999915e+01
1.832000000000000028e+01
1.830999999999999872e+01
1.832999999999999829e+01
1.835999999999999943e+01
1.837999999999999901e+01
1.839000000000000057e+01
1.839000000000000057e+01
1.842000000000000171e+01
1.842000000000000171e+01
1.844000000000000128e+01
1.842000000000000171e+01
1.846000000000000085e+01
1.848000000000000043e+01
1.846999999999999886e+01
1.844999999999999929e+01
1.846999999999999886e+01
1.846000000000000085e+01
1.846000000000000085e+01
1.851000000000000156e+01
1.851999999999999957e+01
1.851999999999999957e+01
1.851999999999999957e+01
1.850000000000000000e+01
1.851000000000000156e+01
1.850000000000000000e+01
1.848999999999999844e+01
1.841000000000000014e+01
1.842000000000000171e+01
1.842999999999999972e+01
1.837000000000000099e+01
1.839000000000000057e+01
1.842000000000000171e+01
1.842000000000000171e+01
1.837000000000000099e+01
1.839000000000000057e+01
1.841000000000000014e+01
1.839000000000000057e+01
1.842000000000000171e+01
1.844999999999999929e+01
1.841000000000000014e+01
1.839999999999999858e+01
1.841000000000000014e+01
1.839000000000000057e+01
1.837000000000000099e+01
1.837000000000000099e+01
1.842999999999999972e+01
1.846000000000000085e+01
1.846000000000000085e+01
1.848999999999999844e+01
1.851000000000000156e+01
1.848999999999999844e+01
1.846000000000000085e+01
1.846999999999999886e+01
1.848000000000000043e+01
1.846000000000000085e+01
1.844999999999999929e+01
1.846999999999999886e+01
1.846999999999999886e+01
1.850000000000000000e+01
1.853999999999999915e+01
1.853000000000000114e+01
1.853000000000000114e+01
1.853000000000000114e+01
1.851000000000000156e+01
1.853999999999999915e+01
1.857999999999999829e+01
1.858999999999999986e+01
1.860999999999999943e+01
1.860999999999999943e+01
1.862000000000000099e+01
1.858999999999999986e+01
1.858999999999999986e+01
1.862000000000000099e+01
1.866000000000000014e+01
1.871999999999999886e+01
1.876000000000000156e+01
1.875000000000000000e+01
1.873000000000000043e+01
1.873999999999999844e+01
1.876999999999999957e+01
1.878999999999999915e+01
1.878999999999999915e+01
1.876999999999999957e+01
1.876999999999999957e+01
1.887000000000000099e+01
1.887000000000000099e+01
1.887000000000000099e+01
1.883999999999999986e+01
1.885999999999999943e+01
1.889999999999999858e+01
1.891000000000000014e+01
1.894999999999999929e+01
1.900000000000000000e+01
1.900000000000000000e+01
1.900000000000000000e+01
1.901999999999999957e+01
1.903999999999999915e+01
1.903999999999999915e+01
1.908999999999999986e+01
1.912000000000000099e+01
1.910999999999999943e+01
1.910999999999999943e+01
1.910000000000000142e+01
1.910999999999999943e+01
1.912000000000000099e+01
1.910999999999999943e+01
1.910999999999999943e+01
1.910999999999999943e+01
1.907999999999999829e+01
1.903999999999999915e+01
1.903000000000000114e+01
1.901000000000000156e+01
1.900000000000000000e+01
1.901000000000000156e+01
1.898999999999999844e+01
1.900000000000000000e+01
1.903999999999999915e+01
1.903000000000000114e+01
1.898999999999999844e+01
1.898000000000000043e+01
1.887000000000000099e+01
1.889000000000000057e+01
1.894000000000000128e+01
1.889999999999999858e+01
1.889999999999999858e+01
1.891000000000000014e+01
1.896000000000000085e+01
1.889999999999999858e+01
1.892000000000000171e+01
1.898000000000000043e+01
1.894000000000000128e+01
1.892999999999999972e+01
1.894000000000000128e+01
1.896000000000000085e+01
1.894000000000000128e+01
1.892000000000000171e+01
1.887000000000000099e+01
1.889000000000000057e+01
1.887999999999999901e+01
1.887000000000000099e+01
1.887000000000000099e+01
1.885000000000000142e+01
1.882000000000000028e+01
1.880000000000000071e+01
1.880999999999999872e+01
1.880000000000000071e+01
1.876000000000000156e+01
1.875000000000000000e+01
1.871000000000000085e+01
1.869999999999999929e+01
1.867000000000000171e+01
1.862999999999999901e+01
1.858999999999999986e+01
1.860000000000000142e+01
1.862000000000000099e+01
1.860999999999999943e+01
1.857999999999999829e+01
1.860000000000000142e+01
1.857999999999999829e+01
1.857000000000000028e+01
1.862000000000000099e+01
1.860999999999999943e+01
1.857000000000000028e+01
1.855999999999999872e+01
1.850000000000000000e+01
1.850000000000000000e+01
1.848000000000000043e+01
1.848000000000000043e+01
1.848999999999999844e+01
1.853000000000000114e+01
1.855999999999999872e+01
1.857999999999999829e+01
1.858999999999999986e+01
1.857999999999999829e+01
1.857000000000000028e+01
1.855000000000000071e+01
1.857000000000000028e+01
1.857999999999999829e+01
1.857999999999999829e+01
1.857000000000000028e+01
1.853999999999999915e+01
1.853000000000000114e+01
1.855000000000000071e+01
1.855999999999999872e+01
1.855000000000000071e+01
1.855000000000000071e+01
1.850000000000000000e+01
1.851000000000000156e+01
1.848999999999999844e+01
1.842999999999999972e+01
1.839999999999999858e+01
1.839999999999999858e+01
1.830999999999999872e+01
1.832999999999999829e+01
1.832999999999999829e+01
1.830000000000000071e+01
1.821999999999999886e+01
1.821000000000000085e+01
1.823000000000000043e+01
1.817999999999999972e+01
1.819000000000000128e+01
1.819000000000000128e+01
1.812999999999999901e+01
1.808999999999999986e+01
1.803000000000000114e+01
1.796000000000000085e+01
1.796000000000000085e+01
1.785000000000000142e+01
1.785999999999999943e+01
1.787999999999999901e+01
1.791000000000000014e+01
1.789999999999999858e+01
1.789000000000000057e+01
1.783999999999999986e+01
1.785999999999999943e+01
1.780999999999999872e+01
1.778999999999999915e+01
1.778000000000000114e+01
1.780000000000000071e+01
1.780000000000000071e+01
1.789999999999999858e+01
1.785999999999999943e+01
1.780000000000000071e+01
1.782000000000000028e+01
1.783999999999999986e+01
1.785999999999999943e+01
1.778999999999999915e+01
1.782999999999999829e+01
1.783999999999999986e+01
1.783999999999999986e+01
1.776000000000000156e+01
1.773000000000000043e+01
1.769999999999999929e+01
1.766000000000000014e+01
1.769000000000000128e+01
1.766000000000000014e+01
1.771000000000000085e+01
1.771000000000000085e+01
1.771000000000000085e+01
1.773000000000000043e+01
1.771999999999999886e+01
1.771000000000000085e+01
1.775000000000000000e+01
1.778000000000000114e+01
1.776000000000000156e+01
1.778000000000000114e+01
1.782000000000000028e+01
1.776999999999999957e+01
1.780000000000000071e+01
1.780000000000000071e+01
1.778999999999999915e+01
1.782000000000000028e+01
1.785999999999999943e+01
1.783999999999999986e+01
1.783999999999999986e+01
1.787999999999999901e+01
1.791000000000000014e+01
1.787999999999999901e+01
1.773999999999999844e+01
1.771999999999999886e+01
1.769999999999999929e+01
1.767999999999999972e+01
1.771999999999999886e+01
1.776999999999999957e+01
1.778999999999999915e+01
1.778999999999999915e+01
1.778000000000000114e+01
1.776999999999999957e+01
1.775000000000000000e+01
1.771000000000000085e+01
1.771999999999999886e+01
1.771999999999999886e+01
1.771999999999999886e+01
1.771999999999999886e+01
1.771000000000000085e+01
1.771999999999999886e+01
1.769999999999999929e+01
1.771999999999999886e+01
1.771999999999999886e+01
1.771999999999999886e+01
1.775000000000000000e+01
1.773999999999999844e+01
1.769999999999999929e+01
1.771000000000000085e+01
1.771999999999999886e+01
1.769000000000000128e+01
1.773000000000000043e+01
1.775000000000000000e+01
1.778000000000000114e+01
1.783999999999999986e+01
1.785000000000000142e+01
1.783999999999999986e+01
1.792000000000000171e+01
1.789000000000000057e+01
1.783999999999999986e+01
1.785999999999999943e+01
1.791000000000000014e+01
1.791000000000000014e+01
1.791000000000000014e+01
1.794999999999999929e+01
1.796999999999999886e+01
1.796999999999999886e+01
1.803999999999999915e+01
1.805000000000000071e+01
1.812999999999999901e+01
1.819000000000000128e+01
1.821000000000000085e+01
1.830999999999999872e+01
1.830999999999999872e+01
1.828000000000000114e+01
1.823999999999999844e+01
1.826000000000000156e+01
1.826999999999999957e+01
1.833999999999999986e+01
1.835999999999999943e+01
1.842000000000000171e+01
1.842000000000000171e+01
1.844999999999999929e+01
1.844000000000000128e+01
1.844999999999999929e+01
1.848000000000000043e+01
1.851000000000000156e+01
1.857999999999999829e+01
1.855999999999999872e+01
1.855999999999999872e+01
1.855999999999999872e+01
1.864999999999999858e+01
1.862000000000000099e+01
1.860999999999999943e+01
1.858999999999999986e+01
1.864999999999999858e+01
1.866000000000000014e+01
1.869000000000000128e+01
1.876000000000000156e+01
1.873000000000000043e+01
1.871999999999999886e+01
1.869000000000000128e+01
1.867999999999999972e+01
1.864999999999999858e+01
1.867000000000000171e+01
1.869000000000000128e+01
1.869000000000000128e+01
1.869999999999999929e+01
1.871000000000000085e+01
1.869000000000000128e+01
1.864999999999999858e+01
1.862999999999999901e+01
1.867999999999999972e+01
1.869000000000000128e+01
1.869999999999999929e+01
1.875000000000000000e+01
1.876000000000000156e+01
1.876000000000000156e+01
1.873999999999999844e+01
1.876000000000000156e+01
1.876999999999999957e+01
1.871000000000000085e+01
1.871000000000000085e+01
1.887999999999999901e+01
1.889000000000000057e+01
1.889999999999999858e+01
1.891000000000000014e+01
1.887999999999999901e+01
1.875000000000000000e+01
1.876999999999999957e+01
1.878999999999999915e+01
1.878999999999999915e+01
1.880000000000000071e+01
1.880000000000000071e+01
1.882999999999999829e+01
1.883999999999999986e+01
1.883999999999999986e+01
1.880000000000000071e+01
1.882000000000000028e+01
1.880999999999999872e+01
1.880000000000000071e+01
1.882000000000000028e+01
1.882000000000000028e+01
1.882999999999999829e+01
1.882000000000000028e+01
1.875000000000000000e+01
1.876999999999999957e+01
1.878999999999999915e+01
1.876999999999999957e+01
1.876999999999999957e+01
1.876000000000000156e+01
1.873000000000000043e+01
1.869000000000000128e+01
1.869999999999999929e+01
1.867999999999999972e+01
1.869000000000000128e+01
1.869000000000000128e+01
1.867000000000000171e+01
1.867999999999999972e+01
1.869999999999999929e+01
1.869999999999999929e+01
1.871000000000000085e+01
1.871000000000000085e+01
1.867999999999999972e+01
1.869000000000000128e+01
1.864000000000000057e+01
1.862999999999999901e+01
1.860000000000000142e+01
1.862999999999999901e+01
1.860999999999999943e+01
1.862000000000000099e+01
1.860000000000000142e+01
1.857999999999999829e+01
1.857999999999999829e+01
1.862999999999999901e+01
1.866000000000000014e+01
1.866000000000000014e+01
1.867999999999999972e+01
1.857000000000000028e+01
1.857999999999999829e+01
1.855000000000000071e+01
1.857999999999999829e+01
1.857000000000000028e+01
1.858999999999999986e+01
1.858999999999999986e+01
1.858999999999999986e+01
1.860999999999999943e+01
1.858999999999999986e+01
1.860999999999999943e+01
1.860999999999999943e+01
1.860999999999999943e+01
1.862000000000000099e+01
1.866000000000000014e+01
1.866000000000000014e+01
1.867999999999999972e+01
1.871999999999999886e+01
1.871999999999999886e+01
1.869000000000000128e+01
1.867000000000000171e+01
1.871000000000000085e+01
1.873999999999999844e+01
1.878999999999999915e+01
1.880000000000000071e+01
1.882999999999999829e+01
1.882000000000000028e+01
1.882000000000000028e+01
1.883999999999999986e+01
1.882999999999999829e+01
1.878000000000000114e+01
1.882999999999999829e+01
1.882000000000000028e+01
1.880000000000000071e+01
1.878999999999999915e+01
1.875000000000000000e+01
1.876000000000000156e+01
1.876000000000000156e+01
1.875000000000000000e+01
1.875000000000000000e+01
1.869999999999999929e+01
1.869999999999999929e+01
1.867000000000000171e+01
1.866000000000000014e+01
1.869999999999999929e+01
1.866000000000000014e+01
1.862999999999999901e+01
1.862999999999999901e+01
1.860000000000000142e+01
1.860000000000000142e+01
1.871000000000000085e+01
1.869000000000000128e+01
1.867000000000000171e+01
1.869999999999999929e+01
1.869999999999999929e+01
1.871999999999999886e+01
1.869999999999999929e+01
1.867000000000000171e+01
1.866000000000000014e+01
1.869999999999999929e+01
1.867999999999999972e+01
1.867999999999999972e+01
1.869000000000000128e+01
1.867000000000000171e+01
1.866000000000000014e+01
1.867999999999999972e+01
1.869999999999999929e+01
1.873999999999999844e+01
1.873000000000000043e+01
1.871000000000000085e+01
1.871999999999999886e+01
1.869999999999999929e+01
1.873000000000000043e+01
1.873999999999999844e+01
1.876999999999999957e+01
1.873999999999999844e+01
1.876000000000000156e+01
1.875000000000000000e+01
1.876000000000000156e+01
1.878999999999999915e+01
1.878999999999999915e+01
1.878999999999999915e+01
1.878000000000000114e+01
1.878999999999999915e+01
1.878000000000000114e+01
1.880000000000000071e+01
1.878000000000000114e+01
1.880000000000000071e+01
1.880000000000000071e+01
1.885000000000000142e+01
1.882000000000000028e+01
1.882999999999999829e+01
1.880000000000000071e+01
1.878999999999999915e+01
1.878000000000000114e+01
1.878000000000000114e+01
1.873999999999999844e+01
1.875000000000000000e+01
1.871000000000000085e+01
1.866000000000000014e+01
1.875000000000000000e+01
1.871000000000000085e+01
1.871000000000000085e+01
1.871999999999999886e+01
1.871000000000000085e+01
1.871000000000000085e+01
1.869999999999999929e+01
1.869999999999999929e+01
1.867999999999999972e+01
1.867000000000000171e+01
1.867000000000000171e+01
1.864000000000000057e+01
1.860999999999999943e+01
1.855999999999999872e+01
1.853000000000000114e+01
1.846000000000000085e+01
1.842999999999999972e+01
1.842000000000000171e+01
1.842000000000000171e+01
1.846999999999999886e+01
1.841000000000000014e+01
1.837999999999999901e+01
1.832000000000000028e+01
1.823999999999999844e+01
1.821000000000000085e+01
1.819999999999999929e+01
1.812999999999999901e+01
1.807999999999999829e+01
1.807000000000000028e+01
1.801999999999999957e+01
1.803999999999999915e+01
1.800000000000000000e+01
1.803000000000000114e+01
1.801999999999999957e+01
1.801000000000000156e+01
1.803000000000000114e+01
1.801999999999999957e+01
1.801000000000000156e+01
1.803000000000000114e+01
1.801000000000000156e+01
1.807999999999999829e+01
1.801000000000000156e+01
1.801000000000000156e+01
1.807000000000000028e+01
1.805000000000000071e+01
1.807000000000000028e+01
1.810999999999999943e+01
1.810000000000000142e+01
1.814999999999999858e+01
1.817000000000000171e+01
1.817999999999999972e+01
1.821999999999999886e+01
1.823000000000000043e+01
1.817999999999999972e+01
1.819000000000000128e+01
1.819000000000000128e+01
1.821000000000000085e+01
1.819999999999999929e+01
1.819999999999999929e+01
1.816000000000000014e+01
1.816000000000000014e+01
1.817999999999999972e+01
1.817000000000000171e+01
1.819999999999999929e+01
1.817999999999999972e+01
1.816000000000000014e+01
1.816000000000000014e+01
1.816000000000000014e+01
1.817000000000000171e+01
1.821000000000000085e+01
1.817999999999999972e+01
1.819000000000000128e+01
1.817999999999999972e+01
1.817999999999999972e+01
1.812000000000000099e+01
1.814000000000000057e+01
1.814000000000000057e+01
1.812999999999999901e+01
1.812999999999999901e+01
1.810999999999999943e+01
1.810000000000000142e+01
1.810000000000000142e+01
1.805000000000000071e+01
1.805000000000000071e+01
1.805999999999999872e+01
1.807000000000000028e+01
1.808999999999999986e+01
1.810999999999999943e+01
1.812999999999999901e+01
1.810999999999999943e+01
1.810000000000000142e+01
1.810000000000000142e+01
1.810000000000000142e+01
1.810000000000000142e+01
1.808999999999999986e+01
1.810999999999999943e+01
1.812999999999999901e+01
1.812000000000000099e+01
1.812999999999999901e+01
1.816000000000000014e+01
1.814999999999999858e+01
1.814999999999999858e+01
1.817999999999999972e+01
1.812999999999999901e+01
1.810999999999999943e+01
1.810999999999999943e+01
1.810999999999999943e+01
1.810000000000000142e+01
1.808999999999999986e+01
1.810999999999999943e+01
1.812999999999999901e+01
1.816000000000000014e+01
1.816000000000000014e+01
1.821999999999999886e+01
1.826000000000000156e+01
1.830999999999999872e+01
1.825000000000000000e+01
1.826000000000000156e+01
1.826999999999999957e+01
1.826000000000000156e+01
1.832000000000000028e+01
1.830000000000000071e+01
1.833999999999999986e+01
1.839000000000000057e+01
1.839999999999999858e+01
1.837000000000000099e+01
1.842999999999999972e+01
1.846999999999999886e+01
1.844000000000000128e+01
1.837999999999999901e+01
1.837999999999999901e+01
1.839999999999999858e+01
1.839999999999999858e+01
1.844000000000000128e+01
1.842999999999999972e+01
1.842999999999999972e+01
1.842000000000000171e+01
1.842000000000000171e+01
1.842000000000000171e+01
1.844000000000000128e+01
1.841000000000000014e+01
1.848999999999999844e+01
1.851999999999999957e+01
1.853000000000000114e+01
1.851000000000000156e+01
1.851000000000000156e+01
1.851000000000000156e+01
1.850000000000000000e+01
1.848999999999999844e+01
1.844999999999999929e+01
1.842999999999999972e+01
1.837999999999999901e+01
1.837000000000000099e+01
1.839000000000000057e+01
1.835999999999999943e+01
1.837999999999999901e+01
1.832000000000000028e+01
1.833999999999999986e+01
1.826999999999999957e+01
1.823999999999999844e+01
1.821999999999999886e+01
1.817000000000000171e+01
1.814999999999999858e+01
1.812000000000000099e+01
1.812999999999999901e+01
1.814000000000000057e+01
1.810000000000000142e+01
1.810000000000000142e+01
1.810000000000000142e+01
1.807000000000000028e+01
1.810000000000000142e+01
1.810000000000000142e+01
1.810000000000000142e+01
1.808999999999999986e+01
1.817000000000000171e+01
1.814999999999999858e+01
1.812000000000000099e+01
1.814999999999999858e+01
1.812999999999999901e+01
1.812000000000000099e+01
1.812000000000000099e+01
1.812999999999999901e+01
1.812999999999999901e+01
1.812000000000000099e+01
1.812000000000000099e+01
1.812000000000000099e+01
1.807999999999999829e+01
1.808999999999999986e+01
1.808999999999999986e+01
1.807000000000000028e+01
1.807000000000000028e+01
1.803999999999999915e+01
1.805000000000000071e+01
1.803999999999999915e+01
1.805999999999999872e+01
1.805999999999999872e+01
1.807000000000000028e+01
1.805999999999999872e+01
1.807000000000000028e+01
1.807999999999999829e+01
1.807000000000000028e+01
1.807999999999999829e+01
1.807999999999999829e+01
1.812000000000000099e+01
1.814000000000000057e+01
1.814000000000000057e+01
1.814000000000000057e+01
1.814000000000000057e+01
1.812999999999999901e+01
1.812999999999999901e+01
1.810999999999999943e+01
1.810999999999999943e+01
1.814000000000000057e+01
1.810999999999999943e+01
1.808999999999999986e+01
1.810999999999999943e+01
1.819000000000000128e+01
1.821000000000000085e+01
1.823000000000000043e+01
1.819999999999999929e+01
1.817999999999999972e+01
