-2.100000000000000000e+01
-2.100000000000000000e+01
-2.100000000000000000e+01
-2.075000000000000000e+01
-2.080000000000000071e+01
-2.050000000000000000e+01
-2.042999999999999972e+01
-2.050000000000000000e+01
-2.044000000000000128e+01
-2.050000000000000000e+01
-2.035999999999999943e+01
-2.042000000000000171e+01
-2.037999999999999901e+01
-2.035999999999999943e+01
-2.039999999999999858e+01
-2.025000000000000000e+01
-2.028999999999999915e+01
-2.021999999999999886e+01
-2.021000000000000085e+01
-2.025000000000000000e+01
-2.028999999999999915e+01
-2.026999999999999957e+01
-2.030000000000000071e+01
-2.025000000000000000e+01
-2.028000000000000114e+01
-2.030999999999999872e+01
-2.030000000000000071e+01
-2.032000000000000028e+01
-2.030999999999999872e+01
-2.032999999999999829e+01
-2.035000000000000142e+01
-2.033999999999999986e+01
-2.030000000000000071e+01
-2.028999999999999915e+01
-2.030999999999999872e+01
-2.030999999999999872e+01
-2.032000000000000028e+01
-2.033999999999999986e+01
-2.030999999999999872e+01
-2.026999999999999957e+01
-2.023999999999999844e+01
-2.026000000000000156e+01
-2.026000000000000156e+01
-2.025000000000000000e+01
-2.026999999999999957e+01
-2.028000000000000114e+01
-2.030000000000000071e+01
-2.030999999999999872e+01
-2.032999999999999829e+01
-2.032000000000000028e+01
-2.032999999999999829e+01
-2.032999999999999829e+01
-2.030000000000000071e+01
-2.030999999999999872e+01
-2.032999999999999829e+01
-2.033999999999999986e+01
-2.032999999999999829e+01
-2.032999999999999829e+01
-2.033999999999999986e+01
-2.035000000000000142e+01
-2.030000000000000071e+01
-2.028999999999999915e+01
-2.028999999999999915e+01
-2.030000000000000071e+01
-2.028999999999999915e+01
-2.028999999999999915e+01
-2.030000000000000071e+01
-2.030999999999999872e+01
-2.028999999999999915e+01
-2.030000000000000071e+01
-2.030999999999999872e+01
-2.030999999999999872e+01
-2.030000000000000071e+01
-2.028000000000000114e+01
-2.028000000000000114e+01
-2.028000000000000114e+01
-2.028999999999999915e+01
-2.026999999999999957e+01
-2.026999999999999957e+01
-2.026000000000000156e+01
-2.026999999999999957e+01
-2.028000000000000114e+01
-2.028000000000000114e+01
-2.026000000000000156e+01
-2.023999999999999844e+01
-2.023000000000000043e+01
-2.023999999999999844e+01
-2.025000000000000000e+01
-2.025000000000000000e+01
-2.023999999999999844e+01
-2.025000000000000000e+01
-2.023000000000000043e+01
-2.023000000000000043e+01
-2.019999999999999929e+01
-2.017999999999999972e+01
-2.017000000000000171e+01
-2.017999999999999972e+01
-2.017000000000000171e+01
-2.017999999999999972e+01
-2.019000000000000128e+01
-2.019000000000000128e+01
-2.019000000000000128e+01
-2.017000000000000171e+01
-2.017000000000000171e+01
-2.016000000000000014e+01
-2.017000000000000171e+01
-2.016000000000000014e+01
-2.014000000000000057e+01
-2.012999999999999901e+01
-2.012000000000000099e+01
-2.012000000000000099e+01
-2.012000000000000099e+01
-2.010999999999999943e+01
-2.010999999999999943e+01
-2.010000000000000142e+01
-2.012000000000000099e+01
-2.010999999999999943e+01
-2.012000000000000099e+01
-2.010999999999999943e+01
-2.007999999999999829e+01
-2.007000000000000028e+01
-2.007999999999999829e+01
-2.007000000000000028e+01
-2.005999999999999872e+01
-2.001000000000000156e+01
-2.000000000000000000e+01
-2.000000000000000000e+01
-1.998999999999999844e+01
-1.998999999999999844e+01
-1.994000000000000128e+01
-1.992999999999999972e+01
-1.991000000000000014e+01
-1.989000000000000057e+01
-1.987999999999999901e+01
-1.985000000000000142e+01
-1.983999999999999986e+01
-1.982000000000000028e+01
-1.978999999999999915e+01
-1.980000000000000071e+01
-1.980999999999999872e+01
-1.982000000000000028e+01
-1.980999999999999872e+01
-1.980000000000000071e+01
-1.980999999999999872e+01
-1.980999999999999872e+01
-1.978999999999999915e+01
-1.973999999999999844e+01
-1.971999999999999886e+01
-1.971000000000000085e+01
-1.971000000000000085e+01
-1.969999999999999929e+01
-1.969999999999999929e+01
-1.971000000000000085e+01
-1.966000000000000014e+01
-1.962999999999999901e+01
-1.960999999999999943e+01
-1.955999999999999872e+01
-1.955000000000000071e+01
-1.953000000000000114e+01
-1.948000000000000043e+01
-1.951999999999999957e+01
-1.953000000000000114e+01
-1.951999999999999957e+01
-1.948000000000000043e+01
-1.946000000000000085e+01
-1.946000000000000085e+01
-1.942000000000000171e+01
-1.939999999999999858e+01
-1.939999999999999858e+01
-1.939000000000000057e+01
-1.935999999999999943e+01
-1.935999999999999943e+01
-1.932999999999999829e+01
-1.933999999999999986e+01
-1.932000000000000028e+01
-1.930999999999999872e+01
-1.926999999999999957e+01
-1.926000000000000156e+01
-1.925000000000000000e+01
-1.925000000000000000e+01
-1.921999999999999886e+01
-1.919999999999999929e+01
-1.916000000000000014e+01
-1.914000000000000057e+01
-1.912999999999999901e+01
-1.908999999999999986e+01
-1.907999999999999829e+01
-1.907999999999999829e+01
-1.907000000000000028e+01
-1.905000000000000071e+01
-1.903000000000000114e+01
-1.898999999999999844e+01
-1.898999999999999844e+01
-1.898999999999999844e+01
-1.900000000000000000e+01
-1.900000000000000000e+01
-1.898999999999999844e+01
-1.900000000000000000e+01
-1.898999999999999844e+01
-1.896000000000000085e+01
-1.892000000000000171e+01
-1.889000000000000057e+01
-1.889000000000000057e+01
-1.885000000000000142e+01
-1.885000000000000142e+01
-1.882000000000000028e+01
-1.882999999999999829e+01
-1.882000000000000028e+01
-1.878999999999999915e+01
-1.876000000000000156e+01
-1.873000000000000043e+01
-1.871999999999999886e+01
-1.873999999999999844e+01
-1.873000000000000043e+01
-1.873000000000000043e+01
-1.871000000000000085e+01
-1.871000000000000085e+01
-1.871000000000000085e+01
-1.871999999999999886e+01
-1.873999999999999844e+01
-1.871999999999999886e+01
-1.869999999999999929e+01
-1.867000000000000171e+01
-1.867000000000000171e+01
-1.869000000000000128e+01
-1.864999999999999858e+01
-1.864000000000000057e+01
-1.864000000000000057e+01
-1.864999999999999858e+01
-1.867000000000000171e+01
-1.867000000000000171e+01
-1.864000000000000057e+01
-1.866000000000000014e+01
-1.867000000000000171e+01
-1.860999999999999943e+01
-1.860999999999999943e+01
-1.857999999999999829e+01
-1.858999999999999986e+01
-1.857999999999999829e+01
-1.857000000000000028e+01
-1.853000000000000114e+01
-1.851999999999999957e+01
-1.850000000000000000e+01
-1.848000000000000043e+01
-1.846000000000000085e+01
-1.846000000000000085e+01
-1.848999999999999844e+01
-1.848000000000000043e+01
-1.844000000000000128e+01
-1.844999999999999929e+01
-1.842000000000000171e+01
-1.839000000000000057e+01
-1.835999999999999943e+01
-1.837999999999999901e+01
-1.833999999999999986e+01
-1.833999999999999986e+01
-1.839000000000000057e+01
-1.839999999999999858e+01
-1.830999999999999872e+01
-1.835999999999999943e+01
-1.832999999999999829e+01
-1.828000000000000114e+01
-1.825000000000000000e+01
-1.821999999999999886e+01
-1.823999999999999844e+01
-1.819999999999999929e+01
-1.821999999999999886e+01
-1.814000000000000057e+01
-1.814000000000000057e+01
-1.810000000000000142e+01
-1.810000000000000142e+01
-1.807000000000000028e+01
-1.807000000000000028e+01
-1.803000000000000114e+01
-1.798999999999999844e+01
-1.801000000000000156e+01
-1.801999999999999957e+01
-1.801999999999999957e+01
-1.794999999999999929e+01
-1.787999999999999901e+01
-1.785999999999999943e+01
-1.782000000000000028e+01
-1.782000000000000028e+01
-1.785000000000000142e+01
-1.783999999999999986e+01
-1.785999999999999943e+01
-1.785999999999999943e+01
-1.780000000000000071e+01
-1.778000000000000114e+01
-1.771000000000000085e+01
-1.769000000000000128e+01
-1.767999999999999972e+01
-1.762999999999999901e+01
-1.762000000000000099e+01
-1.760999999999999943e+01
-1.760999999999999943e+01
-1.755000000000000071e+01
-1.751000000000000156e+01
-1.744000000000000128e+01
-1.744000000000000128e+01
-1.744999999999999929e+01
-1.737999999999999901e+01
-1.733999999999999986e+01
-1.725000000000000000e+01
-1.723999999999999844e+01
-1.726999999999999957e+01
-1.721999999999999886e+01
-1.723000000000000043e+01
-1.726000000000000156e+01
-1.721999999999999886e+01
-1.723999999999999844e+01
-1.717000000000000171e+01
-1.712000000000000099e+01
-1.710000000000000142e+01
-1.703000000000000114e+01
-1.701000000000000156e+01
-1.694000000000000128e+01
-1.692000000000000171e+01
-1.689000000000000057e+01
-1.685999999999999943e+01
-1.680999999999999872e+01
-1.678999999999999915e+01
-1.676999999999999957e+01
-1.676999999999999957e+01
-1.673000000000000043e+01
-1.671999999999999886e+01
-1.667000000000000171e+01
-1.660999999999999943e+01
-1.657999999999999829e+01
-1.657000000000000028e+01
-1.653000000000000114e+01
-1.655000000000000071e+01
-1.650000000000000000e+01
-1.648000000000000043e+01
-1.653000000000000114e+01
-1.651000000000000156e+01
-1.653999999999999915e+01
-1.648999999999999844e+01
-1.646000000000000085e+01
-1.639000000000000057e+01
-1.639999999999999858e+01
-1.637000000000000099e+01
-1.633999999999999986e+01
-1.625000000000000000e+01
-1.621000000000000085e+01
-1.614000000000000057e+01
-1.612000000000000099e+01
-1.610999999999999943e+01
-1.605999999999999872e+01
-1.600000000000000000e+01
-1.596000000000000085e+01
-1.589000000000000057e+01
-1.584999999999999964e+01
-1.572000000000000064e+01
-1.571000000000000085e+01
-1.566999999999999993e+01
-1.563000000000000078e+01
-1.556000000000000050e+01
-1.561999999999999922e+01
-1.558999999999999986e+01
-1.553999999999999915e+01
-1.550999999999999979e+01
-1.551999999999999957e+01
-1.552999999999999936e+01
-1.546000000000000085e+01
-1.543999999999999950e+01
-1.533999999999999986e+01
-1.541000000000000014e+01
-1.534999999999999964e+01
-1.538000000000000078e+01
-1.531000000000000050e+01
-1.525999999999999979e+01
-1.524000000000000021e+01
-1.523000000000000043e+01
-1.523000000000000043e+01
-1.516999999999999993e+01
-1.516000000000000014e+01
-1.515000000000000036e+01
-1.509999999999999964e+01
-1.511999999999999922e+01
-1.508000000000000007e+01
-1.501999999999999957e+01
-1.500999999999999979e+01
-1.491999999999999993e+01
-1.490000000000000036e+01
-1.481000000000000050e+01
-1.467999999999999972e+01
-1.469999999999999929e+01
-1.458999999999999986e+01
-1.460999999999999943e+01
-1.458000000000000007e+01
-1.455000000000000071e+01
-1.449000000000000021e+01
-1.446000000000000085e+01
-1.433999999999999986e+01
-1.425000000000000000e+01
-1.424000000000000021e+01
-1.419999999999999929e+01
-1.416999999999999993e+01
-1.408999999999999986e+01
-1.405000000000000071e+01
-1.400999999999999979e+01
-1.400000000000000000e+01
-1.394999999999999929e+01
-1.382000000000000028e+01
-1.375000000000000000e+01
-1.373000000000000043e+01
-1.367999999999999972e+01
-1.361999999999999922e+01
-1.359999999999999964e+01
-1.353999999999999915e+01
-1.348000000000000043e+01
-1.341000000000000014e+01
-1.328999999999999915e+01
-1.319999999999999929e+01
-1.313000000000000078e+01
-1.308000000000000007e+01
-1.307000000000000028e+01
-1.300999999999999979e+01
-1.300000000000000000e+01
-1.290000000000000036e+01
-1.286999999999999922e+01
-1.283000000000000007e+01
-1.283999999999999986e+01
-1.278999999999999915e+01
-1.275999999999999979e+01
-1.273000000000000043e+01
-1.267999999999999972e+01
-1.259999999999999964e+01
-1.236999999999999922e+01
-1.231000000000000050e+01
-1.203999999999999915e+01
-1.200999999999999979e+01
-1.194999999999999929e+01
-1.188000000000000078e+01
-1.175999999999999979e+01
-1.166000000000000014e+01
-1.159999999999999964e+01
-1.139000000000000057e+01
-1.134999999999999964e+01
-1.116999999999999993e+01
-1.102999999999999936e+01
-1.098000000000000043e+01
-1.101999999999999957e+01
-1.101999999999999957e+01
-1.105000000000000071e+01
-1.094999999999999929e+01
-1.083000000000000007e+01
-1.069999999999999929e+01
-1.058999999999999986e+01
-1.051999999999999957e+01
-1.043999999999999950e+01
-1.046000000000000085e+01
-1.050000000000000000e+01
-1.026999999999999957e+01
-1.008999999999999986e+01
-1.001999999999999957e+01
-1.001999999999999957e+01
-9.919999999999999929e+00
-9.769999999999999574e+00
-9.720000000000000639e+00
-9.539999999999999147e+00
-9.480000000000000426e+00
-9.380000000000000782e+00
-9.349999999999999645e+00
-9.349999999999999645e+00
-9.410000000000000142e+00
-9.369999999999999218e+00
-9.189999999999999503e+00
-9.009999999999999787e+00
-8.960000000000000853e+00
-8.800000000000000711e+00
-8.669999999999999929e+00
-8.630000000000000782e+00
-8.630000000000000782e+00
-8.560000000000000497e+00
-8.449999999999999289e+00
-8.449999999999999289e+00
-8.490000000000000213e+00
-8.320000000000000284e+00
-8.179999999999999716e+00
-8.230000000000000426e+00
-8.089999999999999858e+00
-8.140000000000000568e+00
-8.089999999999999858e+00
-8.060000000000000497e+00
-8.130000000000000782e+00
-8.070000000000000284e+00
-8.089999999999999858e+00
-7.860000000000000320e+00
-7.759999999999999787e+00
-7.700000000000000178e+00
-7.690000000000000391e+00
-7.599999999999999645e+00
-7.469999999999999751e+00
-7.429999999999999716e+00
-7.250000000000000000e+00
-7.169999999999999929e+00
-7.019999999999999574e+00
-6.870000000000000107e+00
-6.570000000000000284e+00
-6.410000000000000142e+00
-6.379999999999999893e+00
-6.490000000000000213e+00
-6.519999999999999574e+00
-6.440000000000000391e+00
-6.429999999999999716e+00
-6.269999999999999574e+00
-6.190000000000000391e+00
-6.099999999999999645e+00
-5.889999999999999680e+00
-5.889999999999999680e+00
-5.900000000000000355e+00
-5.879999999999999893e+00
-5.879999999999999893e+00
-5.759999999999999787e+00
-5.769999999999999574e+00
-5.580000000000000071e+00
-5.599999999999999645e+00
-5.379999999999999893e+00
-5.400000000000000355e+00
-5.290000000000000036e+00
-5.299999999999999822e+00
-5.280000000000000249e+00
-5.099999999999999645e+00
-4.950000000000000178e+00
-4.950000000000000178e+00
-4.780000000000000249e+00
-4.730000000000000426e+00
-4.780000000000000249e+00
-4.719999999999999751e+00
-4.790000000000000036e+00
-4.650000000000000355e+00
-4.639999999999999680e+00
-4.559999999999999609e+00
-4.559999999999999609e+00
-4.620000000000000107e+00
-4.610000000000000320e+00
-4.580000000000000071e+00
-4.509999999999999787e+00
-4.480000000000000426e+00
-4.440000000000000391e+00
-4.330000000000000071e+00
-4.089999999999999858e+00
-4.040000000000000036e+00
-3.950000000000000178e+00
-3.810000000000000053e+00
-3.729999999999999982e+00
-3.810000000000000053e+00
-3.680000000000000160e+00
-3.549999999999999822e+00
-3.450000000000000178e+00
-3.270000000000000018e+00
-3.029999999999999805e+00
-3.220000000000000195e+00
-3.299999999999999822e+00
-3.270000000000000018e+00
-3.120000000000000107e+00
-3.189999999999999947e+00
-3.069999999999999840e+00
-3.029999999999999805e+00
-3.049999999999999822e+00
-2.979999999999999982e+00
-2.879999999999999893e+00
-2.740000000000000213e+00
-2.649999999999999911e+00
-2.410000000000000142e+00
-2.350000000000000089e+00
-2.410000000000000142e+00
-2.459999999999999964e+00
-2.370000000000000107e+00
-2.330000000000000071e+00
-2.189999999999999947e+00
-1.989999999999999991e+00
-1.909999999999999920e+00
-1.949999999999999956e+00
-1.790000000000000036e+00
-1.570000000000000062e+00
-1.320000000000000062e+00
-1.330000000000000071e+00
-1.330000000000000071e+00
-1.219999999999999973e+00
-1.040000000000000036e+00
-7.800000000000000266e-01
-5.699999999999999512e-01
-4.500000000000000111e-01
-1.900000000000000022e-01
-2.000000000000000042e-02
1.000000000000000056e-01
5.999999999999999778e-02
2.000000000000000111e-01
3.099999999999999978e-01
4.899999999999999911e-01
6.099999999999999867e-01
5.799999999999999600e-01
7.399999999999999911e-01
6.500000000000000222e-01
7.900000000000000355e-01
8.800000000000000044e-01
8.399999999999999689e-01
7.600000000000000089e-01
7.700000000000000178e-01
1.060000000000000053e+00
1.300000000000000044e+00
1.419999999999999929e+00
1.520000000000000018e+00
1.820000000000000062e+00
1.810000000000000053e+00
1.850000000000000089e+00
1.899999999999999911e+00
1.939999999999999947e+00
2.069999999999999840e+00
2.270000000000000018e+00
2.439999999999999947e+00
2.569999999999999840e+00
2.669999999999999929e+00
2.819999999999999840e+00
2.850000000000000089e+00
3.149999999999999911e+00
3.189999999999999947e+00
3.359999999999999876e+00
3.540000000000000036e+00
3.750000000000000000e+00
3.970000000000000195e+00
3.939999999999999947e+00
4.080000000000000071e+00
4.370000000000000107e+00
4.330000000000000071e+00
4.480000000000000426e+00
4.530000000000000249e+00
4.730000000000000426e+00
4.769999999999999574e+00
4.879999999999999893e+00
5.089999999999999858e+00
5.299999999999999822e+00
5.530000000000000249e+00
5.780000000000000249e+00
5.910000000000000142e+00
5.980000000000000426e+00
6.139999999999999680e+00
6.179999999999999716e+00
6.290000000000000036e+00
6.450000000000000178e+00
6.440000000000000391e+00
6.610000000000000320e+00
6.740000000000000213e+00
6.790000000000000036e+00
6.820000000000000284e+00
7.000000000000000000e+00
7.080000000000000071e+00
7.129999999999999893e+00
7.160000000000000142e+00
7.299999999999999822e+00
7.250000000000000000e+00
7.509999999999999787e+00
7.690000000000000391e+00
7.860000000000000320e+00
7.849999999999999645e+00
8.099999999999999645e+00
8.109999999999999432e+00
8.220000000000000639e+00
8.279999999999999361e+00
8.369999999999999218e+00
8.419999999999999929e+00
8.539999999999999147e+00
8.699999999999999289e+00
8.650000000000000355e+00
8.859999999999999432e+00
8.990000000000000213e+00
9.130000000000000782e+00
9.169999999999999929e+00
9.220000000000000639e+00
9.160000000000000142e+00
9.240000000000000213e+00
9.259999999999999787e+00
9.509999999999999787e+00
9.550000000000000711e+00
9.650000000000000355e+00
9.570000000000000284e+00
9.650000000000000355e+00
9.720000000000000639e+00
9.929999999999999716e+00
9.890000000000000568e+00
9.830000000000000071e+00
9.859999999999999432e+00
9.939999999999999503e+00
9.929999999999999716e+00
9.839999999999999858e+00
9.830000000000000071e+00
9.900000000000000355e+00
9.939999999999999503e+00
1.000000000000000000e+01
1.010999999999999943e+01
1.016999999999999993e+01
1.024000000000000021e+01
1.023000000000000043e+01
1.036999999999999922e+01
1.047000000000000064e+01
1.041000000000000014e+01
1.055000000000000071e+01
1.053999999999999915e+01
1.051999999999999957e+01
1.040000000000000036e+01
1.041999999999999993e+01
1.052999999999999936e+01
1.055000000000000071e+01
1.046000000000000085e+01
1.042999999999999972e+01
1.053999999999999915e+01
1.064000000000000057e+01
1.066000000000000014e+01
1.073000000000000043e+01
1.072000000000000064e+01
1.073000000000000043e+01
1.078999999999999915e+01
1.076999999999999957e+01
1.075000000000000000e+01
1.089000000000000057e+01
1.082000000000000028e+01
1.086999999999999922e+01
1.093999999999999950e+01
1.086999999999999922e+01
1.073000000000000043e+01
1.071000000000000085e+01
1.071000000000000085e+01
1.069999999999999929e+01
1.061999999999999922e+01
1.071000000000000085e+01
1.075999999999999979e+01
1.056000000000000050e+01
1.058000000000000007e+01
1.065000000000000036e+01
1.066999999999999993e+01
1.063000000000000078e+01
1.058000000000000007e+01
1.055000000000000071e+01
1.058999999999999986e+01
1.067999999999999972e+01
1.058000000000000007e+01
1.061999999999999922e+01
1.066999999999999993e+01
1.066000000000000014e+01
1.055000000000000071e+01
1.058999999999999986e+01
1.066999999999999993e+01
1.075999999999999979e+01
1.075999999999999979e+01
1.084999999999999964e+01
1.080000000000000071e+01
1.075999999999999979e+01
1.077999999999999936e+01
1.083000000000000007e+01
1.084999999999999964e+01
1.092999999999999972e+01
1.093999999999999950e+01
1.094999999999999929e+01
1.099000000000000021e+01
1.113000000000000078e+01
1.114000000000000057e+01
1.117999999999999972e+01
1.121000000000000085e+01
1.122000000000000064e+01
1.133999999999999986e+01
1.139000000000000057e+01
1.136999999999999922e+01
1.147000000000000064e+01
1.156000000000000050e+01
1.152999999999999936e+01
1.158000000000000007e+01
1.168999999999999950e+01
1.181000000000000050e+01
1.186999999999999922e+01
1.192999999999999972e+01
1.191000000000000014e+01
1.211999999999999922e+01
1.216999999999999993e+01
1.217999999999999972e+01
1.216999999999999993e+01
1.230000000000000071e+01
1.233000000000000007e+01
1.239000000000000057e+01
1.234999999999999964e+01
1.240000000000000036e+01
1.250000000000000000e+01
1.249000000000000021e+01
1.246000000000000085e+01
1.250000000000000000e+01
1.261999999999999922e+01
1.269999999999999929e+01
1.275999999999999979e+01
1.283000000000000007e+01
1.283000000000000007e+01
1.272000000000000064e+01
1.275999999999999979e+01
1.280000000000000071e+01
1.286999999999999922e+01
1.291999999999999993e+01
1.285999999999999943e+01
1.292999999999999972e+01
1.291999999999999993e+01
1.300000000000000000e+01
1.305000000000000071e+01
1.313000000000000078e+01
1.315000000000000036e+01
1.315000000000000036e+01
1.316999999999999993e+01
1.307000000000000028e+01
1.322000000000000064e+01
1.323000000000000043e+01
1.330000000000000071e+01
1.334999999999999964e+01
1.341999999999999993e+01
1.351999999999999957e+01
1.357000000000000028e+01
1.359999999999999964e+01
1.366000000000000014e+01
1.374000000000000021e+01
1.374000000000000021e+01
1.380000000000000071e+01
1.377999999999999936e+01
1.375000000000000000e+01
1.382000000000000028e+01
1.399000000000000021e+01
1.416999999999999993e+01
1.427999999999999936e+01
1.425999999999999979e+01
1.434999999999999964e+01
1.438000000000000078e+01
1.440000000000000036e+01
1.467999999999999972e+01
1.465000000000000036e+01
1.466000000000000014e+01
1.459999999999999964e+01
1.466999999999999993e+01
1.468999999999999950e+01
1.468999999999999950e+01
1.466000000000000014e+01
1.466000000000000014e+01
1.475999999999999979e+01
1.475999999999999979e+01
1.477999999999999936e+01
1.483000000000000007e+01
1.491999999999999993e+01
1.498000000000000043e+01
1.499000000000000021e+01
1.500000000000000000e+01
1.500999999999999979e+01
1.499000000000000021e+01
1.506000000000000050e+01
1.510999999999999943e+01
1.514000000000000057e+01
1.516000000000000014e+01
1.516000000000000014e+01
1.516000000000000014e+01
1.516000000000000014e+01
1.514000000000000057e+01
1.519999999999999929e+01
1.514000000000000057e+01
1.507000000000000028e+01
1.505000000000000071e+01
1.514000000000000057e+01
1.525000000000000000e+01
1.519999999999999929e+01
1.522000000000000064e+01
1.516999999999999993e+01
1.516000000000000014e+01
1.518999999999999950e+01
1.522000000000000064e+01
1.516999999999999993e+01
1.518999999999999950e+01
1.516999999999999993e+01
1.514000000000000057e+01
1.511999999999999922e+01
1.514000000000000057e+01
1.514000000000000057e+01
1.515000000000000036e+01
1.511999999999999922e+01
1.516000000000000014e+01
1.513000000000000078e+01
1.513000000000000078e+01
1.503999999999999915e+01
1.502999999999999936e+01
1.497000000000000064e+01
1.499000000000000021e+01
1.498000000000000043e+01
1.505000000000000071e+01
1.508999999999999986e+01
1.517999999999999972e+01
1.510999999999999943e+01
1.511999999999999922e+01
1.510999999999999943e+01
1.511999999999999922e+01
1.515000000000000036e+01
1.516999999999999993e+01
1.519999999999999929e+01
1.519999999999999929e+01
1.522000000000000064e+01
1.519999999999999929e+01
1.519999999999999929e+01
1.523000000000000043e+01
1.525000000000000000e+01
1.532000000000000028e+01
1.533000000000000007e+01
1.526999999999999957e+01
1.525000000000000000e+01
1.530000000000000071e+01
1.549000000000000021e+01
1.552999999999999936e+01
1.557000000000000028e+01
1.553999999999999915e+01
1.552999999999999936e+01
1.550000000000000000e+01
1.548000000000000043e+01
1.549000000000000021e+01
1.550999999999999979e+01
1.549000000000000021e+01
1.550000000000000000e+01
1.547000000000000064e+01
1.550999999999999979e+01
1.550000000000000000e+01
1.550999999999999979e+01
1.544999999999999929e+01
1.544999999999999929e+01
1.533000000000000007e+01
1.532000000000000028e+01
1.536999999999999922e+01
1.531000000000000050e+01
1.526999999999999957e+01
1.530000000000000071e+01
1.532000000000000028e+01
1.531000000000000050e+01
1.532000000000000028e+01
1.536999999999999922e+01
1.541000000000000014e+01
1.541999999999999993e+01
1.548000000000000043e+01
1.551999999999999957e+01
1.550000000000000000e+01
1.541000000000000014e+01
1.534999999999999964e+01
1.528999999999999915e+01
1.530000000000000071e+01
1.532000000000000028e+01
1.525000000000000000e+01
1.525000000000000000e+01
1.523000000000000043e+01
1.519999999999999929e+01
1.525999999999999979e+01
1.528999999999999915e+01
1.530000000000000071e+01
1.527999999999999936e+01
1.525000000000000000e+01
1.525000000000000000e+01
1.527999999999999936e+01
1.527999999999999936e+01
1.532000000000000028e+01
1.528999999999999915e+01
1.538000000000000078e+01
1.550000000000000000e+01
1.555000000000000071e+01
1.553999999999999915e+01
1.535999999999999943e+01
1.540000000000000036e+01
1.539000000000000057e+01
1.542999999999999972e+01
1.536999999999999922e+01
1.541000000000000014e+01
1.547000000000000064e+01
1.550999999999999979e+01
1.548000000000000043e+01
1.548000000000000043e+01
1.549000000000000021e+01
1.553999999999999915e+01
1.548000000000000043e+01
1.550000000000000000e+01
1.549000000000000021e+01
1.550999999999999979e+01
1.550000000000000000e+01
1.550999999999999979e+01
1.555000000000000071e+01
1.563000000000000078e+01
1.558000000000000007e+01
1.561999999999999922e+01
1.564000000000000057e+01
1.560999999999999943e+01
1.561999999999999922e+01
1.558000000000000007e+01
1.551999999999999957e+01
1.564000000000000057e+01
1.552999999999999936e+01
1.548000000000000043e+01
1.543999999999999950e+01
1.539000000000000057e+01
1.524000000000000021e+01
1.517999999999999972e+01
1.518999999999999950e+01
1.519999999999999929e+01
1.528999999999999915e+01
1.534999999999999964e+01
1.526999999999999957e+01
1.525999999999999979e+01
1.517999999999999972e+01
1.519999999999999929e+01
1.522000000000000064e+01
1.528999999999999915e+01
1.521000000000000085e+01
1.521000000000000085e+01
1.523000000000000043e+01
1.525999999999999979e+01
1.503999999999999915e+01
1.501999999999999957e+01
1.499000000000000021e+01
1.498000000000000043e+01
1.485999999999999943e+01
1.483000000000000007e+01
1.477999999999999936e+01
1.484999999999999964e+01
1.472000000000000064e+01
1.469999999999999929e+01
1.478999999999999915e+01
1.475000000000000000e+01
1.477999999999999936e+01
1.475999999999999979e+01
1.486999999999999922e+01
1.490000000000000036e+01
1.481000000000000050e+01
1.478999999999999915e+01
1.483000000000000007e+01
1.474000000000000021e+01
1.468999999999999950e+01
1.467999999999999972e+01
1.471000000000000085e+01
1.467999999999999972e+01
1.464000000000000057e+01
1.452999999999999936e+01
1.442999999999999972e+01
1.449000000000000021e+01
1.446000000000000085e+01
1.458999999999999986e+01
1.459999999999999964e+01
1.466000000000000014e+01
1.458999999999999986e+01
1.450999999999999979e+01
1.441999999999999993e+01
1.442999999999999972e+01
1.436999999999999922e+01
1.435999999999999943e+01
1.425000000000000000e+01
1.423000000000000043e+01
1.415000000000000036e+01
1.416000000000000014e+01
1.414000000000000057e+01
1.406000000000000050e+01
1.398000000000000043e+01
1.397000000000000064e+01
1.394999999999999929e+01
1.391999999999999993e+01
1.385999999999999943e+01
1.384999999999999964e+01
1.382000000000000028e+01
1.378999999999999915e+01
1.391000000000000014e+01
1.392999999999999972e+01
1.391000000000000014e+01
1.391000000000000014e+01
1.384999999999999964e+01
1.383000000000000007e+01
1.373000000000000043e+01
1.366000000000000014e+01
1.359999999999999964e+01
1.358999999999999986e+01
1.358999999999999986e+01
1.352999999999999936e+01
1.351999999999999957e+01
1.341999999999999993e+01
1.340000000000000036e+01
1.341999999999999993e+01
1.333000000000000007e+01
1.333000000000000007e+01
1.332000000000000028e+01
1.333000000000000007e+01
1.341999999999999993e+01
1.335999999999999943e+01
1.333000000000000007e+01
1.341999999999999993e+01
1.336999999999999922e+01
1.330000000000000071e+01
1.324000000000000021e+01
1.314000000000000057e+01
1.317999999999999972e+01
1.306000000000000050e+01
1.315000000000000036e+01
1.321000000000000085e+01
1.324000000000000021e+01
1.318999999999999950e+01
1.318999999999999950e+01
1.308000000000000007e+01
1.300999999999999979e+01
1.290000000000000036e+01
1.298000000000000043e+01
1.293999999999999950e+01
1.299000000000000021e+01
1.292999999999999972e+01
1.294999999999999929e+01
1.282000000000000028e+01
1.283000000000000007e+01
1.281000000000000050e+01
1.275000000000000000e+01
1.271000000000000085e+01
1.291999999999999993e+01
1.291999999999999993e+01
1.296000000000000085e+01
1.299000000000000021e+01
1.305000000000000071e+01
1.297000000000000064e+01
1.300999999999999979e+01
1.297000000000000064e+01
1.310999999999999943e+01
1.310999999999999943e+01
1.300000000000000000e+01
1.307000000000000028e+01
1.310999999999999943e+01
1.318999999999999950e+01
1.318999999999999950e+01
1.317999999999999972e+01
1.326999999999999957e+01
1.325000000000000000e+01
1.324000000000000021e+01
1.330000000000000071e+01
1.333999999999999986e+01
1.331000000000000050e+01
1.325999999999999979e+01
1.328999999999999915e+01
1.332000000000000028e+01
1.335999999999999943e+01
1.343999999999999950e+01
1.339000000000000057e+01
1.342999999999999972e+01
1.340000000000000036e+01
1.341999999999999993e+01
1.341999999999999993e+01
1.350000000000000000e+01
1.344999999999999929e+01
1.361999999999999922e+01
1.361999999999999922e+01
1.366000000000000014e+01
1.368999999999999950e+01
1.375999999999999979e+01
1.378999999999999915e+01
1.388000000000000078e+01
1.383999999999999986e+01
1.390000000000000036e+01
1.389000000000000057e+01
1.389000000000000057e+01
1.381000000000000050e+01
1.378999999999999915e+01
1.377999999999999936e+01
1.386999999999999922e+01
1.389000000000000057e+01
1.396000000000000085e+01
1.400999999999999979e+01
1.402999999999999936e+01
1.406000000000000050e+01
1.408000000000000007e+01
1.408000000000000007e+01
1.419999999999999929e+01
1.389000000000000057e+01
1.400999999999999979e+01
1.407000000000000028e+01
1.407000000000000028e+01
1.408999999999999986e+01
1.413000000000000078e+01
1.414000000000000057e+01
1.413000000000000078e+01
1.423000000000000043e+01
1.423000000000000043e+01
1.426999999999999957e+01
1.433999999999999986e+01
1.432000000000000028e+01
1.433000000000000007e+01
1.433999999999999986e+01
1.423000000000000043e+01
1.433000000000000007e+01
1.433000000000000007e+01
1.433000000000000007e+01
1.433999999999999986e+01
1.442999999999999972e+01
1.450000000000000000e+01
1.457000000000000028e+01
1.458999999999999986e+01
1.471000000000000085e+01
1.466999999999999993e+01
1.468999999999999950e+01
1.477999999999999936e+01
1.488000000000000078e+01
1.489000000000000057e+01
1.496000000000000085e+01
1.496000000000000085e+01
1.502999999999999936e+01
1.500000000000000000e+01
1.502999999999999936e+01
1.500999999999999979e+01
1.500999999999999979e+01
1.503999999999999915e+01
1.517999999999999972e+01
1.528999999999999915e+01
1.531000000000000050e+01
1.523000000000000043e+01
1.522000000000000064e+01
1.525000000000000000e+01
1.522000000000000064e+01
1.518999999999999950e+01
1.519999999999999929e+01
1.516000000000000014e+01
1.525999999999999979e+01
1.522000000000000064e+01
1.515000000000000036e+01
1.510999999999999943e+01
1.510999999999999943e+01
1.522000000000000064e+01
1.517999999999999972e+01
1.519999999999999929e+01
1.511999999999999922e+01
1.508000000000000007e+01
1.500999999999999979e+01
1.498000000000000043e+01
