-2.100000000000000000e+01
-2.100000000000000000e+01
-2.032999999999999829e+01
-2.025000000000000000e+01
-2.019999999999999929e+01
-2.017000000000000171e+01
-2.028999999999999915e+01
-2.025000000000000000e+01
-2.000000000000000000e+01
-2.010000000000000142e+01
-2.017999999999999972e+01
-2.025000000000000000e+01
-2.030999999999999872e+01
-2.035999999999999943e+01
-2.032999999999999829e+01
-2.037999999999999901e+01
-2.041000000000000014e+01
-2.028000000000000114e+01
-2.032000000000000028e+01
-2.025000000000000000e+01
-2.028999999999999915e+01
-2.026999999999999957e+01
-2.030000000000000071e+01
-2.032999999999999829e+01
-2.023999999999999844e+01
-2.023000000000000043e+01
-2.026000000000000156e+01
-2.028999999999999915e+01
-2.030999999999999872e+01
-2.026999999999999957e+01
-2.028999999999999915e+01
-2.028000000000000114e+01
-2.030000000000000071e+01
-2.032000000000000028e+01
-2.028999999999999915e+01
-2.028000000000000114e+01
-2.026999999999999957e+01
-2.023999999999999844e+01
-2.023000000000000043e+01
-2.019999999999999929e+01
-2.019999999999999929e+01
-2.021000000000000085e+01
-2.023000000000000043e+01
-2.025000000000000000e+01
-2.021999999999999886e+01
-2.023999999999999844e+01
-2.026000000000000156e+01
-2.026999999999999957e+01
-2.028999999999999915e+01
-2.026000000000000156e+01
-2.023999999999999844e+01
-2.025000000000000000e+01
-2.025000000000000000e+01
-2.026000000000000156e+01
-2.026999999999999957e+01
-2.025000000000000000e+01
-2.026000000000000156e+01
-2.028000000000000114e+01
-2.028999999999999915e+01
-2.028000000000000114e+01
-2.026000000000000156e+01
-2.026000000000000156e+01
-2.026999999999999957e+01
-2.028000000000000114e+01
-2.028000000000000114e+01
-2.026999999999999957e+01
-2.026999999999999957e+01
-2.028000000000000114e+01
-2.028000000000000114e+01
-2.028999999999999915e+01
-2.030000000000000071e+01
-2.030999999999999872e+01
-2.030000000000000071e+01
-2.030999999999999872e+01
-2.032000000000000028e+01
-2.028999999999999915e+01
-2.030000000000000071e+01
-2.028000000000000114e+01
-2.028000000000000114e+01
-2.025000000000000000e+01
-2.026000000000000156e+01
-2.026000000000000156e+01
-2.023000000000000043e+01
-2.019999999999999929e+01
-2.021000000000000085e+01
-2.021999999999999886e+01
-2.021000000000000085e+01
-2.019999999999999929e+01
-2.021000000000000085e+01
-2.021000000000000085e+01
-2.021000000000000085e+01
-2.021999999999999886e+01
-2.019000000000000128e+01
-2.019000000000000128e+01
-2.016000000000000014e+01
-2.016000000000000014e+01
-2.016000000000000014e+01
-2.016000000000000014e+01
-2.014999999999999858e+01
-2.014999999999999858e+01
-2.014000000000000057e+01
-2.012999999999999901e+01
-2.014999999999999858e+01
-2.016000000000000014e+01
-2.014000000000000057e+01
-2.014000000000000057e+01
-2.012000000000000099e+01
-2.010000000000000142e+01
-2.010999999999999943e+01
-2.010000000000000142e+01
-2.010000000000000142e+01
-2.005999999999999872e+01
-2.003000000000000114e+01
-2.000000000000000000e+01
-1.998999999999999844e+01
-1.998999999999999844e+01
-1.998999999999999844e+01
-2.001000000000000156e+01
-2.000000000000000000e+01
-2.001999999999999957e+01
-1.998999999999999844e+01
-1.998000000000000043e+01
-1.996000000000000085e+01
-1.996000000000000085e+01
-1.998000000000000043e+01
-1.996999999999999886e+01
-1.994999999999999929e+01
-1.991000000000000014e+01
-1.989999999999999858e+01
-1.989999999999999858e+01
-1.989000000000000057e+01
-1.985999999999999943e+01
-1.985000000000000142e+01
-1.982999999999999829e+01
-1.980999999999999872e+01
-1.978999999999999915e+01
-1.978999999999999915e+01
-1.978000000000000114e+01
-1.978999999999999915e+01
-1.980999999999999872e+01
-1.976999999999999957e+01
-1.976000000000000156e+01
-1.975000000000000000e+01
-1.971999999999999886e+01
-1.969999999999999929e+01
-1.969000000000000128e+01
-1.967999999999999972e+01
-1.964000000000000057e+01
-1.962999999999999901e+01
-1.960999999999999943e+01
-1.960999999999999943e+01
-1.957999999999999829e+01
-1.955999999999999872e+01
-1.950000000000000000e+01
-1.942999999999999972e+01
-1.942999999999999972e+01
-1.939999999999999858e+01
-1.939000000000000057e+01
-1.937999999999999901e+01
-1.935999999999999943e+01
-1.935000000000000142e+01
-1.930999999999999872e+01
-1.928999999999999915e+01
-1.928999999999999915e+01
-1.928000000000000114e+01
-1.926999999999999957e+01
-1.926999999999999957e+01
-1.926999999999999957e+01
-1.925000000000000000e+01
-1.921999999999999886e+01
-1.921000000000000085e+01
-1.919000000000000128e+01
-1.917999999999999972e+01
-1.916000000000000014e+01
-1.914000000000000057e+01
-1.916000000000000014e+01
-1.914999999999999858e+01
-1.914000000000000057e+01
-1.912999999999999901e+01
-1.914999999999999858e+01
-1.912000000000000099e+01
-1.910000000000000142e+01
-1.910999999999999943e+01
-1.912000000000000099e+01
-1.910000000000000142e+01
-1.908999999999999986e+01
-1.905999999999999872e+01
-1.905000000000000071e+01
-1.901999999999999957e+01
-1.898999999999999844e+01
-1.898999999999999844e+01
-1.896999999999999886e+01
-1.896000000000000085e+01
-1.894999999999999929e+01
-1.898000000000000043e+01
-1.896999999999999886e+01
-1.894000000000000128e+01
-1.889000000000000057e+01
-1.887000000000000099e+01
-1.880999999999999872e+01
-1.882000000000000028e+01
-1.876000000000000156e+01
-1.873000000000000043e+01
-1.871000000000000085e+01
-1.869000000000000128e+01
-1.866000000000000014e+01
-1.866000000000000014e+01
-1.864999999999999858e+01
-1.867000000000000171e+01
-1.866000000000000014e+01
-1.864999999999999858e+01
-1.866000000000000014e+01
-1.869000000000000128e+01
-1.867000000000000171e+01
-1.867000000000000171e+01
-1.866000000000000014e+01
-1.862000000000000099e+01
-1.860000000000000142e+01
-1.860000000000000142e+01
-1.853000000000000114e+01
-1.855000000000000071e+01
-1.855000000000000071e+01
-1.855000000000000071e+01
-1.851000000000000156e+01
-1.848999999999999844e+01
-1.844000000000000128e+01
-1.844000000000000128e+01
-1.844999999999999929e+01
-1.844999999999999929e+01
-1.841000000000000014e+01
-1.835000000000000142e+01
-1.828999999999999915e+01
-1.826000000000000156e+01
-1.826000000000000156e+01
-1.821999999999999886e+01
-1.819000000000000128e+01
-1.816000000000000014e+01
-1.814999999999999858e+01
-1.812000000000000099e+01
-1.810000000000000142e+01
-1.810000000000000142e+01
-1.808999999999999986e+01
-1.805999999999999872e+01
-1.807000000000000028e+01
-1.805999999999999872e+01
-1.805999999999999872e+01
-1.801000000000000156e+01
-1.803000000000000114e+01
-1.798000000000000043e+01
-1.794999999999999929e+01
-1.794000000000000128e+01
-1.794999999999999929e+01
-1.794000000000000128e+01
-1.796999999999999886e+01
-1.801999999999999957e+01
-1.798999999999999844e+01
-1.796999999999999886e+01
-1.794999999999999929e+01
-1.789999999999999858e+01
-1.787999999999999901e+01
-1.782999999999999829e+01
-1.778000000000000114e+01
-1.776999999999999957e+01
-1.773999999999999844e+01
-1.773999999999999844e+01
-1.773000000000000043e+01
-1.771999999999999886e+01
-1.767000000000000171e+01
-1.762999999999999901e+01
-1.764000000000000057e+01
-1.764000000000000057e+01
-1.760999999999999943e+01
-1.758999999999999986e+01
-1.758999999999999986e+01
-1.755000000000000071e+01
-1.753000000000000114e+01
-1.748000000000000043e+01
-1.748999999999999844e+01
-1.746000000000000085e+01
-1.742999999999999972e+01
-1.741000000000000014e+01
-1.741000000000000014e+01
-1.737999999999999901e+01
-1.732000000000000028e+01
-1.726999999999999957e+01
-1.725000000000000000e+01
-1.723000000000000043e+01
-1.719999999999999929e+01
-1.716000000000000014e+01
-1.716000000000000014e+01
-1.717000000000000171e+01
-1.712000000000000099e+01
-1.710999999999999943e+01
-1.712000000000000099e+01
-1.707000000000000028e+01
-1.703000000000000114e+01
-1.701999999999999957e+01
-1.703999999999999915e+01
-1.698000000000000043e+01
-1.701999999999999957e+01
-1.698999999999999844e+01
-1.701999999999999957e+01
-1.703000000000000114e+01
-1.701000000000000156e+01
-1.703999999999999915e+01
-1.703999999999999915e+01
-1.700000000000000000e+01
-1.698000000000000043e+01
-1.694000000000000128e+01
-1.689999999999999858e+01
-1.685000000000000142e+01
-1.685000000000000142e+01
-1.682000000000000028e+01
-1.685000000000000142e+01
-1.683999999999999986e+01
-1.678999999999999915e+01
-1.673999999999999844e+01
-1.671000000000000085e+01
-1.664000000000000057e+01
-1.662999999999999901e+01
-1.657999999999999829e+01
-1.655999999999999872e+01
-1.650000000000000000e+01
-1.651999999999999957e+01
-1.651000000000000156e+01
-1.655999999999999872e+01
-1.648999999999999844e+01
-1.644999999999999929e+01
-1.635999999999999943e+01
-1.633999999999999986e+01
-1.635000000000000142e+01
-1.635999999999999943e+01
-1.633999999999999986e+01
-1.628000000000000114e+01
-1.630999999999999872e+01
-1.633999999999999986e+01
-1.630999999999999872e+01
-1.630000000000000071e+01
-1.623999999999999844e+01
-1.617999999999999972e+01
-1.614999999999999858e+01
-1.607999999999999829e+01
-1.607000000000000028e+01
-1.605000000000000071e+01
-1.605000000000000071e+01
-1.603000000000000114e+01
-1.607000000000000028e+01
-1.601000000000000156e+01
-1.599000000000000021e+01
-1.603000000000000114e+01
-1.600000000000000000e+01
-1.600000000000000000e+01
-1.598000000000000043e+01
-1.599000000000000021e+01
-1.593999999999999950e+01
-1.591999999999999993e+01
-1.586999999999999922e+01
-1.586999999999999922e+01
-1.584999999999999964e+01
-1.578999999999999915e+01
-1.583000000000000007e+01
-1.584999999999999964e+01
-1.574000000000000021e+01
-1.566999999999999993e+01
-1.563000000000000078e+01
-1.558000000000000007e+01
-1.557000000000000028e+01
-1.552999999999999936e+01
-1.551999999999999957e+01
-1.549000000000000021e+01
-1.539000000000000057e+01
-1.538000000000000078e+01
-1.532000000000000028e+01
-1.524000000000000021e+01
-1.523000000000000043e+01
-1.518999999999999950e+01
-1.521000000000000085e+01
-1.518999999999999950e+01
-1.518999999999999950e+01
-1.515000000000000036e+01
-1.516999999999999993e+01
-1.510999999999999943e+01
-1.506000000000000050e+01
-1.502999999999999936e+01
-1.501999999999999957e+01
-1.492999999999999972e+01
-1.490000000000000036e+01
-1.486999999999999922e+01
-1.484999999999999964e+01
-1.483000000000000007e+01
-1.475999999999999979e+01
-1.466999999999999993e+01
-1.467999999999999972e+01
-1.455000000000000071e+01
-1.451999999999999957e+01
-1.451999999999999957e+01
-1.447000000000000064e+01
-1.443999999999999950e+01
-1.444999999999999929e+01
-1.436999999999999922e+01
-1.433000000000000007e+01
-1.431000000000000050e+01
-1.427999999999999936e+01
-1.427999999999999936e+01
-1.417999999999999972e+01
-1.416999999999999993e+01
-1.417999999999999972e+01
-1.416000000000000014e+01
-1.410999999999999943e+01
-1.413000000000000078e+01
-1.411999999999999922e+01
-1.399000000000000021e+01
-1.392999999999999972e+01
-1.386999999999999922e+01
-1.383000000000000007e+01
-1.375999999999999979e+01
-1.381000000000000050e+01
-1.373000000000000043e+01
-1.371000000000000085e+01
-1.366999999999999993e+01
-1.366000000000000014e+01
-1.361999999999999922e+01
-1.365000000000000036e+01
-1.365000000000000036e+01
-1.360999999999999943e+01
-1.353999999999999915e+01
-1.358000000000000007e+01
-1.357000000000000028e+01
-1.357000000000000028e+01
-1.358999999999999986e+01
-1.356000000000000050e+01
-1.363000000000000078e+01
-1.351999999999999957e+01
-1.355000000000000071e+01
-1.351999999999999957e+01
-1.346000000000000085e+01
-1.344999999999999929e+01
-1.338000000000000078e+01
-1.338000000000000078e+01
-1.339000000000000057e+01
-1.341000000000000014e+01
-1.336999999999999922e+01
-1.333999999999999986e+01
-1.330000000000000071e+01
-1.327999999999999936e+01
-1.314000000000000057e+01
-1.310999999999999943e+01
-1.305000000000000071e+01
-1.305000000000000071e+01
-1.283999999999999986e+01
-1.283999999999999986e+01
-1.273000000000000043e+01
-1.271000000000000085e+01
-1.259999999999999964e+01
-1.253999999999999915e+01
-1.256000000000000050e+01
-1.256000000000000050e+01
-1.250999999999999979e+01
-1.253999999999999915e+01
-1.257000000000000028e+01
-1.253999999999999915e+01
-1.251999999999999957e+01
-1.261999999999999922e+01
-1.259999999999999964e+01
-1.234999999999999964e+01
-1.239000000000000057e+01
-1.228999999999999915e+01
-1.228999999999999915e+01
-1.222000000000000064e+01
-1.218999999999999950e+01
-1.216000000000000014e+01
-1.207000000000000028e+01
-1.205000000000000071e+01
-1.205000000000000071e+01
-1.207000000000000028e+01
-1.200000000000000000e+01
-1.192999999999999972e+01
-1.188000000000000078e+01
-1.177999999999999936e+01
-1.160999999999999943e+01
-1.133999999999999986e+01
-1.130000000000000071e+01
-1.133999999999999986e+01
-1.131000000000000050e+01
-1.127999999999999936e+01
-1.123000000000000043e+01
-1.119999999999999929e+01
-1.110999999999999943e+01
-1.107000000000000028e+01
-1.102999999999999936e+01
-1.103999999999999915e+01
-1.108000000000000007e+01
-1.099000000000000021e+01
-1.100000000000000000e+01
-1.094999999999999929e+01
-1.094999999999999929e+01
-1.077999999999999936e+01
-1.069999999999999929e+01
-1.072000000000000064e+01
-1.074000000000000021e+01
-1.069999999999999929e+01
-1.063000000000000078e+01
-1.059999999999999964e+01
-1.043999999999999950e+01
-1.041999999999999993e+01
-1.027999999999999936e+01
-1.022000000000000064e+01
-1.017999999999999972e+01
-1.008000000000000007e+01
-1.002999999999999936e+01
-9.919999999999999929e+00
-9.939999999999999503e+00
-9.929999999999999716e+00
-9.779999999999999361e+00
-9.740000000000000213e+00
-9.689999999999999503e+00
-9.669999999999999929e+00
-9.689999999999999503e+00
-9.669999999999999929e+00
-9.509999999999999787e+00
-9.480000000000000426e+00
-9.529999999999999361e+00
-9.480000000000000426e+00
-9.339999999999999858e+00
-9.240000000000000213e+00
-9.160000000000000142e+00
-9.039999999999999147e+00
-8.990000000000000213e+00
-8.910000000000000142e+00
-8.859999999999999432e+00
-8.830000000000000071e+00
-8.759999999999999787e+00
-8.730000000000000426e+00
-8.660000000000000142e+00
-8.619999999999999218e+00
-8.609999999999999432e+00
-8.650000000000000355e+00
-8.669999999999999929e+00
-8.679999999999999716e+00
-8.679999999999999716e+00
-8.539999999999999147e+00
-8.519999999999999574e+00
-8.470000000000000639e+00
-8.500000000000000000e+00
-8.390000000000000568e+00
-8.480000000000000426e+00
-8.429999999999999716e+00
-8.300000000000000711e+00
-8.220000000000000639e+00
-8.140000000000000568e+00
-8.029999999999999361e+00
-8.119999999999999218e+00
-8.179999999999999716e+00
-8.220000000000000639e+00
-8.240000000000000213e+00
-8.230000000000000426e+00
-8.230000000000000426e+00
-8.210000000000000853e+00
-8.130000000000000782e+00
-8.070000000000000284e+00
-7.889999999999999680e+00
-7.830000000000000071e+00
-7.780000000000000249e+00
-7.780000000000000249e+00
-7.900000000000000355e+00
-7.830000000000000071e+00
-7.790000000000000036e+00
-7.780000000000000249e+00
-7.849999999999999645e+00
-7.799999999999999822e+00
-7.790000000000000036e+00
-7.799999999999999822e+00
-7.639999999999999680e+00
-7.549999999999999822e+00
-7.519999999999999574e+00
-7.519999999999999574e+00
-7.429999999999999716e+00
-7.419999999999999929e+00
-7.379999999999999893e+00
-7.540000000000000036e+00
-7.639999999999999680e+00
-7.650000000000000355e+00
-7.620000000000000107e+00
-7.719999999999999751e+00
-7.740000000000000213e+00
-7.790000000000000036e+00
-7.830000000000000071e+00
-7.719999999999999751e+00
-7.799999999999999822e+00
-7.839999999999999858e+00
-7.820000000000000284e+00
-7.839999999999999858e+00
-7.790000000000000036e+00
-7.719999999999999751e+00
-7.740000000000000213e+00
-7.709999999999999964e+00
-7.820000000000000284e+00
-7.750000000000000000e+00
-7.669999999999999929e+00
-7.639999999999999680e+00
-7.679999999999999716e+00
-7.530000000000000249e+00
-7.330000000000000071e+00
-7.370000000000000107e+00
-7.360000000000000320e+00
-7.410000000000000142e+00
-7.400000000000000355e+00
-7.320000000000000284e+00
-7.379999999999999893e+00
-7.290000000000000036e+00
-7.309999999999999609e+00
-7.269999999999999574e+00
-7.169999999999999929e+00
-7.150000000000000355e+00
-7.089999999999999858e+00
-7.040000000000000036e+00
-7.049999999999999822e+00
-6.990000000000000213e+00
-6.839999999999999858e+00
-6.860000000000000320e+00
-6.809999999999999609e+00
-6.650000000000000355e+00
-6.700000000000000178e+00
-6.669999999999999929e+00
-6.719999999999999751e+00
-6.599999999999999645e+00
-6.599999999999999645e+00
-6.440000000000000391e+00
-6.469999999999999751e+00
-6.379999999999999893e+00
-6.250000000000000000e+00
-6.160000000000000142e+00
-6.190000000000000391e+00
-6.110000000000000320e+00
-6.040000000000000036e+00
-5.780000000000000249e+00
-5.700000000000000178e+00
-5.719999999999999751e+00
-5.540000000000000036e+00
-5.549999999999999822e+00
-5.580000000000000071e+00
-5.509999999999999787e+00
-5.500000000000000000e+00
-5.469999999999999751e+00
-5.419999999999999929e+00
-5.419999999999999929e+00
-5.349999999999999645e+00
-5.459999999999999964e+00
-5.389999999999999680e+00
-5.540000000000000036e+00
-5.570000000000000284e+00
-5.389999999999999680e+00
-5.169999999999999929e+00
-5.000000000000000000e+00
-5.000000000000000000e+00
-4.900000000000000355e+00
-4.820000000000000284e+00
-4.750000000000000000e+00
-4.679999999999999716e+00
-4.690000000000000391e+00
-4.830000000000000071e+00
-4.849999999999999645e+00
-4.709999999999999964e+00
-4.629999999999999893e+00
-4.549999999999999822e+00
-4.570000000000000284e+00
-4.629999999999999893e+00
-4.610000000000000320e+00
-4.519999999999999574e+00
-4.509999999999999787e+00
-4.459999999999999964e+00
-4.299999999999999822e+00
-4.360000000000000320e+00
-4.400000000000000355e+00
-4.179999999999999716e+00
-4.139999999999999680e+00
-4.099999999999999645e+00
-4.040000000000000036e+00
-4.139999999999999680e+00
-4.040000000000000036e+00
-4.009999999999999787e+00
-4.030000000000000249e+00
-3.970000000000000195e+00
-3.810000000000000053e+00
-3.770000000000000018e+00
-3.799999999999999822e+00
-3.629999999999999893e+00
-3.790000000000000036e+00
-3.750000000000000000e+00
-3.569999999999999840e+00
-3.319999999999999840e+00
-3.129999999999999893e+00
-3.180000000000000160e+00
-3.189999999999999947e+00
-3.140000000000000124e+00
-3.089999999999999858e+00
-2.979999999999999982e+00
-2.859999999999999876e+00
-2.850000000000000089e+00
-2.799999999999999822e+00
-2.700000000000000178e+00
-2.819999999999999840e+00
-2.839999999999999858e+00
-2.899999999999999911e+00
-2.810000000000000053e+00
-2.779999999999999805e+00
-2.649999999999999911e+00
-2.609999999999999876e+00
-2.609999999999999876e+00
-2.680000000000000160e+00
-2.620000000000000107e+00
-2.609999999999999876e+00
-2.689999999999999947e+00
-2.549999999999999822e+00
-2.450000000000000178e+00
-2.490000000000000213e+00
-2.310000000000000053e+00
-2.339999999999999858e+00
-2.359999999999999876e+00
-2.529999999999999805e+00
-2.509999999999999787e+00
-2.569999999999999840e+00
-2.569999999999999840e+00
-2.560000000000000053e+00
-2.399999999999999911e+00
-2.500000000000000000e+00
-2.419999999999999929e+00
-2.529999999999999805e+00
-2.459999999999999964e+00
-2.379999999999999893e+00
-2.319999999999999840e+00
-2.259999999999999787e+00
-2.299999999999999822e+00
-2.379999999999999893e+00
-2.310000000000000053e+00
-2.390000000000000124e+00
-2.330000000000000071e+00
-2.270000000000000018e+00
-2.430000000000000160e+00
-2.270000000000000018e+00
-2.350000000000000089e+00
-2.279999999999999805e+00
-2.299999999999999822e+00
-2.180000000000000160e+00
-2.330000000000000071e+00
-2.270000000000000018e+00
-2.140000000000000124e+00
-2.180000000000000160e+00
-2.290000000000000036e+00
-2.270000000000000018e+00
-2.240000000000000213e+00
-2.140000000000000124e+00
-2.180000000000000160e+00
-2.299999999999999822e+00
-2.339999999999999858e+00
-2.259999999999999787e+00
-2.169999999999999929e+00
-2.060000000000000053e+00
-2.100000000000000089e+00
-2.040000000000000036e+00
-1.860000000000000098e+00
-1.729999999999999982e+00
-1.689999999999999947e+00
-1.850000000000000089e+00
-2.009999999999999787e+00
-1.899999999999999911e+00
-1.780000000000000027e+00
-1.750000000000000000e+00
-1.699999999999999956e+00
-1.550000000000000044e+00
-1.629999999999999893e+00
-1.739999999999999991e+00
-1.800000000000000044e+00
-1.729999999999999982e+00
-1.770000000000000018e+00
-1.800000000000000044e+00
-1.860000000000000098e+00
-1.790000000000000036e+00
-1.649999999999999911e+00
-1.729999999999999982e+00
-1.780000000000000027e+00
-1.639999999999999902e+00
-1.639999999999999902e+00
-1.540000000000000036e+00
-1.510000000000000009e+00
-1.409999999999999920e+00
-1.350000000000000089e+00
-1.229999999999999982e+00
-1.129999999999999893e+00
-1.270000000000000018e+00
-1.350000000000000089e+00
-1.290000000000000036e+00
-1.189999999999999947e+00
-1.149999999999999911e+00
-1.169999999999999929e+00
-1.000000000000000000e+00
-1.090000000000000080e+00
-1.149999999999999911e+00
-1.090000000000000080e+00
-9.899999999999999911e-01
-9.399999999999999467e-01
-8.199999999999999512e-01
-8.100000000000000533e-01
-6.099999999999999867e-01
-6.500000000000000222e-01
-5.600000000000000533e-01
-5.699999999999999512e-01
-4.500000000000000111e-01
-3.599999999999999867e-01
-1.900000000000000022e-01
-2.899999999999999800e-01
-2.399999999999999911e-01
-1.400000000000000133e-01
-1.900000000000000022e-01
-1.300000000000000044e-01
2.999999999999999889e-02
8.000000000000000167e-02
2.999999999999999889e-02
5.000000000000000278e-02
1.199999999999999956e-01
2.800000000000000266e-01
3.099999999999999978e-01
5.200000000000000178e-01
6.500000000000000222e-01
6.300000000000000044e-01
5.699999999999999512e-01
4.299999999999999933e-01
5.000000000000000000e-01
6.500000000000000222e-01
5.400000000000000355e-01
4.799999999999999822e-01
3.800000000000000044e-01
4.400000000000000022e-01
5.400000000000000355e-01
5.300000000000000266e-01
3.200000000000000067e-01
2.700000000000000178e-01
5.100000000000000089e-01
7.099999999999999645e-01
7.299999999999999822e-01
9.100000000000000311e-01
8.100000000000000533e-01
9.899999999999999911e-01
9.799999999999999822e-01
1.199999999999999956e+00
1.370000000000000107e+00
1.239999999999999991e+00
1.239999999999999991e+00
1.389999999999999902e+00
1.540000000000000036e+00
1.610000000000000098e+00
1.600000000000000089e+00
1.729999999999999982e+00
1.830000000000000071e+00
2.049999999999999822e+00
2.129999999999999893e+00
1.989999999999999991e+00
1.939999999999999947e+00
2.129999999999999893e+00
2.060000000000000053e+00
2.049999999999999822e+00
1.939999999999999947e+00
1.820000000000000062e+00
2.000000000000000000e+00
2.189999999999999947e+00
2.109999999999999876e+00
2.129999999999999893e+00
2.209999999999999964e+00
2.220000000000000195e+00
2.149999999999999911e+00
2.310000000000000053e+00
2.319999999999999840e+00
2.419999999999999929e+00
2.310000000000000053e+00
2.310000000000000053e+00
2.470000000000000195e+00
2.589999999999999858e+00
2.660000000000000142e+00
2.629999999999999893e+00
2.750000000000000000e+00
2.910000000000000142e+00
2.870000000000000107e+00
3.049999999999999822e+00
2.930000000000000160e+00
3.040000000000000036e+00
3.140000000000000124e+00
3.109999999999999876e+00
3.129999999999999893e+00
3.180000000000000160e+00
3.430000000000000160e+00
3.520000000000000018e+00
3.450000000000000178e+00
3.509999999999999787e+00
3.509999999999999787e+00
3.700000000000000178e+00
3.709999999999999964e+00
3.740000000000000213e+00
3.799999999999999822e+00
3.799999999999999822e+00
3.799999999999999822e+00
3.850000000000000089e+00
3.859999999999999876e+00
3.700000000000000178e+00
3.649999999999999911e+00
3.819999999999999840e+00
3.689999999999999947e+00
3.720000000000000195e+00
3.580000000000000071e+00
3.529999999999999805e+00
3.500000000000000000e+00
3.629999999999999893e+00
3.709999999999999964e+00
3.600000000000000089e+00
3.439999999999999947e+00
3.379999999999999893e+00
3.399999999999999911e+00
3.439999999999999947e+00
3.569999999999999840e+00
3.540000000000000036e+00
3.720000000000000195e+00
3.660000000000000142e+00
3.729999999999999982e+00
3.720000000000000195e+00
3.669999999999999929e+00
3.560000000000000053e+00
3.669999999999999929e+00
3.819999999999999840e+00
3.790000000000000036e+00
3.649999999999999911e+00
3.799999999999999822e+00
3.879999999999999893e+00
4.080000000000000071e+00
4.259999999999999787e+00
4.400000000000000355e+00
4.450000000000000178e+00
4.599999999999999645e+00
4.719999999999999751e+00
4.629999999999999893e+00
4.589999999999999858e+00
4.509999999999999787e+00
4.509999999999999787e+00
4.559999999999999609e+00
4.559999999999999609e+00
4.570000000000000284e+00
4.599999999999999645e+00
4.589999999999999858e+00
4.599999999999999645e+00
4.799999999999999822e+00
4.790000000000000036e+00
4.719999999999999751e+00
4.639999999999999680e+00
4.459999999999999964e+00
4.419999999999999929e+00
4.509999999999999787e+00
4.389999999999999680e+00
4.290000000000000036e+00
4.379999999999999893e+00
4.469999999999999751e+00
4.440000000000000391e+00
4.690000000000000391e+00
4.669999999999999929e+00
4.809999999999999609e+00
4.839999999999999858e+00
4.809999999999999609e+00
4.690000000000000391e+00
4.669999999999999929e+00
4.769999999999999574e+00
4.860000000000000320e+00
4.959999999999999964e+00
5.070000000000000284e+00
5.080000000000000071e+00
5.099999999999999645e+00
5.000000000000000000e+00
5.219999999999999751e+00
5.230000000000000426e+00
5.049999999999999822e+00
5.030000000000000249e+00
5.019999999999999574e+00
5.190000000000000391e+00
5.269999999999999574e+00
5.049999999999999822e+00
5.200000000000000178e+00
5.139999999999999680e+00
5.259999999999999787e+00
5.290000000000000036e+00
5.269999999999999574e+00
5.200000000000000178e+00
5.299999999999999822e+00
5.230000000000000426e+00
5.080000000000000071e+00
5.019999999999999574e+00
5.009999999999999787e+00
5.049999999999999822e+00
5.110000000000000320e+00
5.059999999999999609e+00
4.879999999999999893e+00
4.959999999999999964e+00
4.870000000000000107e+00
4.769999999999999574e+00
4.690000000000000391e+00
4.759999999999999787e+00
4.719999999999999751e+00
4.910000000000000142e+00
4.809999999999999609e+00
4.809999999999999609e+00
5.009999999999999787e+00
5.099999999999999645e+00
5.250000000000000000e+00
5.440000000000000391e+00
5.580000000000000071e+00
5.660000000000000142e+00
5.650000000000000355e+00
5.839999999999999858e+00
5.759999999999999787e+00
5.780000000000000249e+00
5.669999999999999929e+00
5.620000000000000107e+00
5.740000000000000213e+00
5.830000000000000071e+00
5.820000000000000284e+00
5.870000000000000107e+00
6.049999999999999822e+00
6.110000000000000320e+00
6.139999999999999680e+00
6.240000000000000213e+00
6.280000000000000249e+00
6.370000000000000107e+00
6.370000000000000107e+00
6.490000000000000213e+00
6.400000000000000355e+00
6.160000000000000142e+00
6.160000000000000142e+00
6.160000000000000142e+00
6.160000000000000142e+00
6.219999999999999751e+00
6.240000000000000213e+00
6.320000000000000284e+00
6.349999999999999645e+00
6.379999999999999893e+00
6.450000000000000178e+00
6.459999999999999964e+00
6.519999999999999574e+00
6.379999999999999893e+00
6.450000000000000178e+00
6.429999999999999716e+00
6.500000000000000000e+00
6.669999999999999929e+00
6.509999999999999787e+00
6.620000000000000107e+00
6.629999999999999893e+00
6.820000000000000284e+00
6.860000000000000320e+00
6.879999999999999893e+00
6.940000000000000391e+00
7.139999999999999680e+00
7.200000000000000178e+00
7.360000000000000320e+00
7.349999999999999645e+00
7.410000000000000142e+00
7.370000000000000107e+00
7.490000000000000213e+00
7.509999999999999787e+00
7.589999999999999858e+00
7.690000000000000391e+00
7.870000000000000107e+00
8.029999999999999361e+00
7.980000000000000426e+00
7.959999999999999964e+00
7.969999999999999751e+00
7.950000000000000178e+00
7.910000000000000142e+00
7.990000000000000213e+00
8.130000000000000782e+00
8.109999999999999432e+00
8.169999999999999929e+00
8.449999999999999289e+00
8.449999999999999289e+00
8.400000000000000355e+00
8.429999999999999716e+00
8.529999999999999361e+00
8.750000000000000000e+00
8.779999999999999361e+00
8.839999999999999858e+00
8.699999999999999289e+00
8.650000000000000355e+00
8.750000000000000000e+00
8.869999999999999218e+00
8.570000000000000284e+00
8.560000000000000497e+00
8.669999999999999929e+00
8.650000000000000355e+00
8.679999999999999716e+00
8.550000000000000711e+00
8.509999999999999787e+00
8.580000000000000071e+00
8.769999999999999574e+00
8.849999999999999645e+00
8.820000000000000284e+00
9.099999999999999645e+00
9.259999999999999787e+00
9.070000000000000284e+00
9.050000000000000711e+00
8.820000000000000284e+00
8.839999999999999858e+00
8.820000000000000284e+00
8.720000000000000639e+00
8.679999999999999716e+00
8.380000000000000782e+00
8.359999999999999432e+00
8.339999999999999858e+00
8.339999999999999858e+00
8.289999999999999147e+00
8.359999999999999432e+00
8.439999999999999503e+00
8.539999999999999147e+00
8.500000000000000000e+00
8.529999999999999361e+00
8.460000000000000853e+00
8.480000000000000426e+00
8.470000000000000639e+00
8.490000000000000213e+00
8.449999999999999289e+00
8.390000000000000568e+00
8.429999999999999716e+00
8.449999999999999289e+00
8.490000000000000213e+00
8.500000000000000000e+00
8.529999999999999361e+00
8.550000000000000711e+00
8.669999999999999929e+00
8.890000000000000568e+00
8.900000000000000355e+00
8.859999999999999432e+00
8.789999999999999147e+00
8.769999999999999574e+00
8.849999999999999645e+00
8.810000000000000497e+00
8.820000000000000284e+00
8.710000000000000853e+00
8.839999999999999858e+00
8.849999999999999645e+00
8.939999999999999503e+00
9.199999999999999289e+00
9.259999999999999787e+00
9.289999999999999147e+00
9.150000000000000355e+00
9.119999999999999218e+00
9.150000000000000355e+00
8.900000000000000355e+00
8.990000000000000213e+00
8.949999999999999289e+00
9.140000000000000568e+00
9.029999999999999361e+00
8.960000000000000853e+00
8.859999999999999432e+00
8.919999999999999929e+00
8.859999999999999432e+00
8.960000000000000853e+00
8.919999999999999929e+00
8.869999999999999218e+00
8.750000000000000000e+00
8.710000000000000853e+00
8.830000000000000071e+00
8.849999999999999645e+00
8.759999999999999787e+00
8.820000000000000284e+00
8.759999999999999787e+00
8.810000000000000497e+00
8.740000000000000213e+00
8.779999999999999361e+00
8.650000000000000355e+00
8.699999999999999289e+00
8.789999999999999147e+00
8.759999999999999787e+00
8.779999999999999361e+00
8.730000000000000426e+00
8.769999999999999574e+00
8.759999999999999787e+00
8.660000000000000142e+00
8.609999999999999432e+00
8.580000000000000071e+00
8.580000000000000071e+00
8.519999999999999574e+00
8.689999999999999503e+00
8.720000000000000639e+00
8.730000000000000426e+00
8.750000000000000000e+00
9.039999999999999147e+00
9.179999999999999716e+00
9.279999999999999361e+00
9.339999999999999858e+00
9.390000000000000568e+00
9.560000000000000497e+00
9.699999999999999289e+00
9.439999999999999503e+00
9.429999999999999716e+00
9.419999999999999929e+00
9.509999999999999787e+00
9.369999999999999218e+00
9.150000000000000355e+00
9.230000000000000426e+00
9.359999999999999432e+00
9.550000000000000711e+00
9.740000000000000213e+00
9.759999999999999787e+00
9.750000000000000000e+00
9.750000000000000000e+00
1.007000000000000028e+01
9.949999999999999289e+00
9.820000000000000284e+00
9.589999999999999858e+00
9.640000000000000568e+00
9.679999999999999716e+00
9.810000000000000497e+00
9.720000000000000639e+00
9.830000000000000071e+00
9.900000000000000355e+00
1.003999999999999915e+01
1.005000000000000071e+01
1.000000000000000000e+01
9.910000000000000142e+00
9.669999999999999929e+00
9.750000000000000000e+00
9.710000000000000853e+00
9.849999999999999645e+00
9.779999999999999361e+00
9.779999999999999361e+00
9.859999999999999432e+00
9.609999999999999432e+00
9.580000000000000071e+00
9.669999999999999929e+00
9.730000000000000426e+00
9.679999999999999716e+00
9.779999999999999361e+00
9.730000000000000426e+00
9.800000000000000711e+00
9.839999999999999858e+00
9.849999999999999645e+00
1.005000000000000071e+01
9.970000000000000639e+00
9.980000000000000426e+00
9.949999999999999289e+00
9.880000000000000782e+00
9.910000000000000142e+00
9.910000000000000142e+00
9.789999999999999147e+00
9.880000000000000782e+00
1.001999999999999957e+01
1.016999999999999993e+01
1.019999999999999929e+01
1.028999999999999915e+01
1.031000000000000050e+01
1.050999999999999979e+01
1.055000000000000071e+01
1.068999999999999950e+01
1.067999999999999972e+01
1.074000000000000021e+01
1.071000000000000085e+01
1.052999999999999936e+01
1.047000000000000064e+01
1.057000000000000028e+01
1.058000000000000007e+01
1.057000000000000028e+01
1.059999999999999964e+01
1.067999999999999972e+01
1.066000000000000014e+01
1.068999999999999950e+01
1.069999999999999929e+01
1.076999999999999957e+01
1.083000000000000007e+01
1.105000000000000071e+01
1.096000000000000085e+01
1.090000000000000036e+01
1.103999999999999915e+01
1.107000000000000028e+01
1.103999999999999915e+01
1.101999999999999957e+01
1.111999999999999922e+01
1.122000000000000064e+01
1.125000000000000000e+01
1.122000000000000064e+01
1.106000000000000050e+01
1.119999999999999929e+01
1.118999999999999950e+01
1.107000000000000028e+01
1.094999999999999929e+01
1.086999999999999922e+01
1.090000000000000036e+01
1.100999999999999979e+01
1.094999999999999929e+01
1.100000000000000000e+01
1.100999999999999979e+01
1.100999999999999979e+01
1.100999999999999979e+01
1.123000000000000043e+01
1.130000000000000071e+01
1.133000000000000007e+01
1.138000000000000078e+01
1.133999999999999986e+01
1.157000000000000028e+01
1.175999999999999979e+01
1.176999999999999957e+01
1.188000000000000078e+01
1.186999999999999922e+01
1.183999999999999986e+01
1.192999999999999972e+01
1.200999999999999979e+01
1.198000000000000043e+01
1.210999999999999943e+01
1.223000000000000043e+01
1.249000000000000021e+01
1.256000000000000050e+01
1.251999999999999957e+01
1.253999999999999915e+01
1.250999999999999979e+01
1.250999999999999979e+01
1.256000000000000050e+01
1.249000000000000021e+01
1.240000000000000036e+01
1.250999999999999979e+01
1.255000000000000071e+01
1.277999999999999936e+01
1.277999999999999936e+01
1.277999999999999936e+01
1.277999999999999936e+01
1.293999999999999950e+01
1.293999999999999950e+01
1.289000000000000057e+01
1.311999999999999922e+01
1.317999999999999972e+01
1.317999999999999972e+01
1.317999999999999972e+01
1.327999999999999936e+01
1.328999999999999915e+01
1.336999999999999922e+01
1.326999999999999957e+01
1.328999999999999915e+01
1.333000000000000007e+01
1.334999999999999964e+01
1.342999999999999972e+01
1.353999999999999915e+01
1.351999999999999957e+01
1.353999999999999915e+01
1.356000000000000050e+01
1.353999999999999915e+01
1.380000000000000071e+01
1.377999999999999936e+01
1.385999999999999943e+01
1.386999999999999922e+01
1.388000000000000078e+01
1.384999999999999964e+01
1.377999999999999936e+01
1.371000000000000085e+01
1.363000000000000078e+01
1.359999999999999964e+01
1.368999999999999950e+01
1.367999999999999972e+01
1.367999999999999972e+01
1.380000000000000071e+01
1.398000000000000043e+01
1.392999999999999972e+01
1.405000000000000071e+01
1.401999999999999957e+01
1.402999999999999936e+01
1.393999999999999950e+01
1.397000000000000064e+01
1.408000000000000007e+01
1.411999999999999922e+01
1.394999999999999929e+01
1.383000000000000007e+01
1.388000000000000078e+01
1.397000000000000064e+01
1.398000000000000043e+01
1.398000000000000043e+01
1.392999999999999972e+01
1.401999999999999957e+01
1.411999999999999922e+01
1.419999999999999929e+01
1.419999999999999929e+01
1.414000000000000057e+01
1.419999999999999929e+01
1.427999999999999936e+01
1.424000000000000021e+01
1.428999999999999915e+01
1.448000000000000043e+01
1.461999999999999922e+01
1.463000000000000078e+01
1.459999999999999964e+01
1.457000000000000028e+01
1.452999999999999936e+01
1.450999999999999979e+01
1.449000000000000021e+01
1.441999999999999993e+01
1.438000000000000078e+01
1.447000000000000064e+01
1.448000000000000043e+01
1.439000000000000057e+01
1.436999999999999922e+01
1.451999999999999957e+01
1.450000000000000000e+01
1.442999999999999972e+01
1.442999999999999972e+01
1.443999999999999950e+01
1.441000000000000014e+01
1.447000000000000064e+01
1.456000000000000050e+01
1.453999999999999915e+01
1.458000000000000007e+01
1.456000000000000050e+01
1.456000000000000050e+01
1.453999999999999915e+01
1.456000000000000050e+01
1.455000000000000071e+01
1.461999999999999922e+01
1.475999999999999979e+01
1.477999999999999936e+01
1.475999999999999979e+01
1.482000000000000028e+01
1.491000000000000014e+01
1.491999999999999993e+01
1.503999999999999915e+01
1.500000000000000000e+01
1.506000000000000050e+01
1.516000000000000014e+01
1.510999999999999943e+01
1.508999999999999986e+01
1.511999999999999922e+01
1.523000000000000043e+01
1.523000000000000043e+01
1.516000000000000014e+01
1.511999999999999922e+01
1.498000000000000043e+01
1.492999999999999972e+01
1.485999999999999943e+01
1.485999999999999943e+01
1.494999999999999929e+01
1.491999999999999993e+01
1.480000000000000071e+01
1.466999999999999993e+01
1.464000000000000057e+01
1.461999999999999922e+01
1.469999999999999929e+01
1.461999999999999922e+01
1.447000000000000064e+01
1.450000000000000000e+01
1.440000000000000036e+01
1.438000000000000078e+01
1.427999999999999936e+01
1.438000000000000078e+01
1.427999999999999936e+01
1.416999999999999993e+01
1.416999999999999993e+01
1.422000000000000064e+01
1.430000000000000071e+01
1.424000000000000021e+01
1.418999999999999950e+01
1.417999999999999972e+01
1.418999999999999950e+01
1.425999999999999979e+01
1.425000000000000000e+01
1.423000000000000043e+01
1.422000000000000064e+01
1.421000000000000085e+01
1.419999999999999929e+01
1.432000000000000028e+01
1.439000000000000057e+01
1.442999999999999972e+01
1.434999999999999964e+01
1.448000000000000043e+01
1.434999999999999964e+01
1.433999999999999986e+01
1.430000000000000071e+01
1.425999999999999979e+01
1.416999999999999993e+01
1.425000000000000000e+01
1.396000000000000085e+01
1.391999999999999993e+01
1.388000000000000078e+01
1.383999999999999986e+01
1.388000000000000078e+01
1.382000000000000028e+01
1.380000000000000071e+01
1.375000000000000000e+01
1.373000000000000043e+01
1.372000000000000064e+01
1.371000000000000085e+01
1.375000000000000000e+01
1.375999999999999979e+01
1.372000000000000064e+01
1.364000000000000057e+01
1.366999999999999993e+01
1.373000000000000043e+01
1.373000000000000043e+01
1.377999999999999936e+01
1.375000000000000000e+01
1.371000000000000085e+01
1.376999999999999957e+01
1.382000000000000028e+01
1.385999999999999943e+01
1.386999999999999922e+01
1.383000000000000007e+01
1.381000000000000050e+01
1.368999999999999950e+01
1.372000000000000064e+01
1.365000000000000036e+01
1.365000000000000036e+01
1.366000000000000014e+01
1.363000000000000078e+01
1.371000000000000085e+01
1.365000000000000036e+01
1.371000000000000085e+01
1.364000000000000057e+01
1.361999999999999922e+01
1.357000000000000028e+01
1.355000000000000071e+01
1.356000000000000050e+01
1.353999999999999915e+01
1.349000000000000021e+01
1.349000000000000021e+01
1.349000000000000021e+01
1.342999999999999972e+01
1.350999999999999979e+01
1.347000000000000064e+01
1.340000000000000036e+01
1.338000000000000078e+01
1.333000000000000007e+01
1.326999999999999957e+01
1.311999999999999922e+01
1.317999999999999972e+01
1.327999999999999936e+01
1.325000000000000000e+01
1.333000000000000007e+01
1.319999999999999929e+01
1.319999999999999929e+01
1.317999999999999972e+01
1.319999999999999929e+01
1.322000000000000064e+01
1.338000000000000078e+01
1.348000000000000043e+01
1.356000000000000050e+01
1.353999999999999915e+01
1.350999999999999979e+01
1.364000000000000057e+01
1.381000000000000050e+01
1.386999999999999922e+01
1.397000000000000064e+01
1.391999999999999993e+01
1.389000000000000057e+01
1.390000000000000036e+01
1.391999999999999993e+01
1.408000000000000007e+01
1.410999999999999943e+01
1.405000000000000071e+01
1.398000000000000043e+01
1.393999999999999950e+01
1.397000000000000064e+01
1.390000000000000036e+01
1.386999999999999922e+01
1.380000000000000071e+01
1.377999999999999936e+01
1.384999999999999964e+01
1.378999999999999915e+01
1.364000000000000057e+01
1.366000000000000014e+01
1.359999999999999964e+01
1.358999999999999986e+01
1.352999999999999936e+01
1.348000000000000043e+01
1.352999999999999936e+01
1.373000000000000043e+01
1.367999999999999972e+01
1.378999999999999915e+01
1.390000000000000036e+01
1.399000000000000021e+01
1.399000000000000021e+01
1.419999999999999929e+01
1.416000000000000014e+01
1.414000000000000057e+01
1.417999999999999972e+01
1.419999999999999929e+01
1.417999999999999972e+01
1.414000000000000057e+01
1.416999999999999993e+01
1.411999999999999922e+01
1.416999999999999993e+01
1.414000000000000057e+01
1.414000000000000057e+01
1.411999999999999922e+01
1.416000000000000014e+01
1.425000000000000000e+01
1.417999999999999972e+01
1.408000000000000007e+01
1.409999999999999964e+01
1.410999999999999943e+01
1.400000000000000000e+01
1.402999999999999936e+01
1.408999999999999986e+01
1.411999999999999922e+01
1.401999999999999957e+01
1.407000000000000028e+01
1.413000000000000078e+01
1.413000000000000078e+01
1.422000000000000064e+01
1.425999999999999979e+01
1.432000000000000028e+01
1.428999999999999915e+01
1.414000000000000057e+01
1.408999999999999986e+01
1.400999999999999979e+01
1.406000000000000050e+01
1.397000000000000064e+01
1.405000000000000071e+01
1.408000000000000007e+01
1.408000000000000007e+01
1.402999999999999936e+01
1.405000000000000071e+01
1.406000000000000050e+01
1.402999999999999936e+01
1.407000000000000028e+01
1.403999999999999915e+01
1.400000000000000000e+01
1.396000000000000085e+01
1.397000000000000064e+01
1.402999999999999936e+01
1.401999999999999957e+01
1.406000000000000050e+01
1.410999999999999943e+01
1.424000000000000021e+01
1.424000000000000021e+01
1.422000000000000064e+01
1.427999999999999936e+01
1.433000000000000007e+01
1.452999999999999936e+01
1.459999999999999964e+01
1.464000000000000057e+01
1.464000000000000057e+01
1.456000000000000050e+01
1.439000000000000057e+01
1.441999999999999993e+01
1.433999999999999986e+01
1.426999999999999957e+01
1.425000000000000000e+01
1.416000000000000014e+01
1.415000000000000036e+01
1.409999999999999964e+01
1.410999999999999943e+01
1.419999999999999929e+01
1.428999999999999915e+01
1.426999999999999957e+01
1.431000000000000050e+01
1.431000000000000050e+01
1.435999999999999943e+01
1.441000000000000014e+01
1.444999999999999929e+01
1.453999999999999915e+01
1.456000000000000050e+01
1.460999999999999943e+01
1.466999999999999993e+01
1.465000000000000036e+01
1.465000000000000036e+01
1.455000000000000071e+01
1.457000000000000028e+01
1.477999999999999936e+01
1.476999999999999957e+01
1.477999999999999936e+01
1.480000000000000071e+01
1.480000000000000071e+01
1.492999999999999972e+01
1.498000000000000043e+01
1.500999999999999979e+01
1.509999999999999964e+01
1.507000000000000028e+01
1.497000000000000064e+01
1.480000000000000071e+01
1.460999999999999943e+01
1.451999999999999957e+01
1.455000000000000071e+01
1.453999999999999915e+01
1.449000000000000021e+01
1.448000000000000043e+01
1.458000000000000007e+01
1.473000000000000043e+01
1.472000000000000064e+01
1.472000000000000064e+01
1.472000000000000064e+01
1.466999999999999993e+01
1.464000000000000057e+01
1.463000000000000078e+01
1.465000000000000036e+01
1.469999999999999929e+01
1.467999999999999972e+01
1.477999999999999936e+01
1.483999999999999986e+01
1.483999999999999986e+01
1.497000000000000064e+01
1.497000000000000064e+01
1.498000000000000043e+01
1.492999999999999972e+01
1.500000000000000000e+01
1.496000000000000085e+01
1.499000000000000021e+01
1.500000000000000000e+01
1.500000000000000000e+01
1.494999999999999929e+01
1.497000000000000064e+01
1.498000000000000043e+01
1.509999999999999964e+01
1.500999999999999979e+01
1.501999999999999957e+01
1.508000000000000007e+01
1.509999999999999964e+01
1.508999999999999986e+01
1.510999999999999943e+01
1.514000000000000057e+01
1.516999999999999993e+01
1.516000000000000014e+01
1.514000000000000057e+01
1.519999999999999929e+01
1.519999999999999929e+01
1.523000000000000043e+01
1.525000000000000000e+01
1.525999999999999979e+01
1.515000000000000036e+01
1.507000000000000028e+01
1.506000000000000050e+01
1.505000000000000071e+01
1.505000000000000071e+01
1.505000000000000071e+01
1.496000000000000085e+01
1.493999999999999950e+01
1.492999999999999972e+01
1.489000000000000057e+01
1.488000000000000078e+01
1.475999999999999979e+01
1.472000000000000064e+01
1.465000000000000036e+01
1.465000000000000036e+01
1.472000000000000064e+01
1.468999999999999950e+01
1.474000000000000021e+01
1.481000000000000050e+01
1.476999999999999957e+01
1.483999999999999986e+01
1.467999999999999972e+01
1.473000000000000043e+01
1.465000000000000036e+01
1.458999999999999986e+01
1.455000000000000071e+01
1.444999999999999929e+01
1.444999999999999929e+01
1.442999999999999972e+01
1.446000000000000085e+01
1.443999999999999950e+01
1.451999999999999957e+01
1.456000000000000050e+01
1.452999999999999936e+01
1.458000000000000007e+01
1.446000000000000085e+01
1.451999999999999957e+01
1.447000000000000064e+01
1.460999999999999943e+01
1.459999999999999964e+01
1.459999999999999964e+01
1.458999999999999986e+01
1.465000000000000036e+01
1.448000000000000043e+01
1.452999999999999936e+01
1.450999999999999979e+01
1.440000000000000036e+01
1.439000000000000057e+01
1.435999999999999943e+01
1.435999999999999943e+01
1.441999999999999993e+01
1.453999999999999915e+01
1.465000000000000036e+01
1.481000000000000050e+01
1.471000000000000085e+01
1.475999999999999979e+01
1.477999999999999936e+01
1.480000000000000071e+01
1.483999999999999986e+01
1.485999999999999943e+01
1.492999999999999972e+01
1.502999999999999936e+01
1.492999999999999972e+01
1.500000000000000000e+01
1.508999999999999986e+01
1.513000000000000078e+01
1.508000000000000007e+01
1.508000000000000007e+01
1.516000000000000014e+01
1.510999999999999943e+01
1.507000000000000028e+01
1.501999999999999957e+01
1.499000000000000021e+01
1.491000000000000014e+01
1.489000000000000057e+01
1.480000000000000071e+01
1.480000000000000071e+01
1.478999999999999915e+01
1.472000000000000064e+01
1.474000000000000021e+01
1.477999999999999936e+01
1.485999999999999943e+01
1.483000000000000007e+01
1.483000000000000007e+01
1.483000000000000007e+01
1.496000000000000085e+01
1.499000000000000021e+01
1.491000000000000014e+01
1.499000000000000021e+01
1.500999999999999979e+01
1.503999999999999915e+01
1.506000000000000050e+01
1.499000000000000021e+01
1.503999999999999915e+01
1.497000000000000064e+01
1.496000000000000085e+01
1.489000000000000057e+01
1.491000000000000014e+01
1.498000000000000043e+01
1.491999999999999993e+01
1.501999999999999957e+01
1.498000000000000043e+01
1.494999999999999929e+01
1.489000000000000057e+01
1.492999999999999972e+01
1.491000000000000014e+01
1.497000000000000064e+01
1.494999999999999929e+01
1.491999999999999993e+01
1.497000000000000064e+01
1.491999999999999993e+01
1.499000000000000021e+01
1.492999999999999972e+01
1.496000000000000085e+01
1.508000000000000007e+01
1.514000000000000057e+01
1.517999999999999972e+01
1.484999999999999964e+01
1.478999999999999915e+01
1.469999999999999929e+01
1.469999999999999929e+01
1.486999999999999922e+01
1.480000000000000071e+01
1.484999999999999964e+01
1.483999999999999986e+01
1.491000000000000014e+01
1.501999999999999957e+01
1.497000000000000064e+01
1.493999999999999950e+01
1.484999999999999964e+01
1.481000000000000050e+01
1.481000000000000050e+01
1.478999999999999915e+01
1.475999999999999979e+01
1.475999999999999979e+01
1.483000000000000007e+01
1.471000000000000085e+01
1.478999999999999915e+01
1.478999999999999915e+01
1.469999999999999929e+01
1.467999999999999972e+01
1.466999999999999993e+01
1.464000000000000057e+01
1.474000000000000021e+01
1.472000000000000064e+01
1.466999999999999993e+01
1.469999999999999929e+01
1.472000000000000064e+01
1.469999999999999929e+01
1.466000000000000014e+01
1.466000000000000014e+01
1.463000000000000078e+01
1.469999999999999929e+01
1.467999999999999972e+01
1.468999999999999950e+01
1.459999999999999964e+01
1.456000000000000050e+01
1.448000000000000043e+01
1.433000000000000007e+01
1.427999999999999936e+01
1.426999999999999957e+01
1.425999999999999979e+01
1.428999999999999915e+01
1.424000000000000021e+01
1.424000000000000021e+01
1.425000000000000000e+01
1.425999999999999979e+01
1.413000000000000078e+01
1.416000000000000014e+01
1.410999999999999943e+01
1.413000000000000078e+01
1.414000000000000057e+01
1.413000000000000078e+01
1.419999999999999929e+01
1.411999999999999922e+01
1.421000000000000085e+01
1.418999999999999950e+01
1.423000000000000043e+01
1.432000000000000028e+01
1.431000000000000050e+01
1.424000000000000021e+01
1.416999999999999993e+01
1.416000000000000014e+01
1.408999999999999986e+01
1.414000000000000057e+01
1.416999999999999993e+01
1.416000000000000014e+01
1.419999999999999929e+01
1.418999999999999950e+01
1.411999999999999922e+01
1.405000000000000071e+01
1.399000000000000021e+01
1.409999999999999964e+01
1.408999999999999986e+01
1.411999999999999922e+01
1.416000000000000014e+01
1.406000000000000050e+01
1.401999999999999957e+01
1.403999999999999915e+01
1.407000000000000028e+01
1.408000000000000007e+01
1.402999999999999936e+01
1.403999999999999915e+01
1.408000000000000007e+01
1.398000000000000043e+01
1.400000000000000000e+01
1.400999999999999979e+01
1.399000000000000021e+01
1.400999999999999979e+01
1.400999999999999979e+01
1.406000000000000050e+01
1.405000000000000071e+01
1.415000000000000036e+01
1.409999999999999964e+01
1.402999999999999936e+01
1.403999999999999915e+01
1.405000000000000071e+01
1.436999999999999922e+01
1.438000000000000078e+01
1.451999999999999957e+01
1.444999999999999929e+01
1.438000000000000078e+01
1.431000000000000050e+01
1.433999999999999986e+01
1.438000000000000078e+01
1.433999999999999986e+01
1.426999999999999957e+01
1.430000000000000071e+01
1.427999999999999936e+01
1.428999999999999915e+01
1.434999999999999964e+01
1.427999999999999936e+01
1.428999999999999915e+01
1.426999999999999957e+01
1.426999999999999957e+01
1.425999999999999979e+01
1.438000000000000078e+01
1.435999999999999943e+01
1.433000000000000007e+01
1.447000000000000064e+01
1.444999999999999929e+01
1.452999999999999936e+01
1.447000000000000064e+01
1.446000000000000085e+01
1.442999999999999972e+01
1.443999999999999950e+01
1.438000000000000078e+01
1.439000000000000057e+01
1.438000000000000078e+01
1.441000000000000014e+01
1.441999999999999993e+01
1.447000000000000064e+01
1.424000000000000021e+01
1.418999999999999950e+01
1.427999999999999936e+01
1.438000000000000078e+01
1.444999999999999929e+01
1.451999999999999957e+01
1.463000000000000078e+01
1.465000000000000036e+01
1.463000000000000078e+01
1.452999999999999936e+01
1.458999999999999986e+01
1.466000000000000014e+01
1.460999999999999943e+01
1.465000000000000036e+01
1.465000000000000036e+01
1.483000000000000007e+01
1.475000000000000000e+01
1.483999999999999986e+01
1.480000000000000071e+01
1.475000000000000000e+01
1.480000000000000071e+01
1.481000000000000050e+01
1.483999999999999986e+01
1.489000000000000057e+01
1.481000000000000050e+01
1.472000000000000064e+01
1.469999999999999929e+01
1.469999999999999929e+01
1.469999999999999929e+01
1.467999999999999972e+01
1.472000000000000064e+01
1.475999999999999979e+01
1.469999999999999929e+01
1.472000000000000064e+01
1.472000000000000064e+01
1.463000000000000078e+01
1.459999999999999964e+01
1.459999999999999964e+01
1.458000000000000007e+01
1.457000000000000028e+01
1.457000000000000028e+01
1.456000000000000050e+01
1.459999999999999964e+01
1.451999999999999957e+01
1.464000000000000057e+01
1.467999999999999972e+01
1.432000000000000028e+01
1.434999999999999964e+01
1.427999999999999936e+01
1.431000000000000050e+01
1.434999999999999964e+01
1.441999999999999993e+01
1.450999999999999979e+01
1.447000000000000064e+01
1.440000000000000036e+01
1.446000000000000085e+01
1.442999999999999972e+01
1.433999999999999986e+01
1.433999999999999986e+01
1.433000000000000007e+01
1.433000000000000007e+01
1.433000000000000007e+01
1.441000000000000014e+01
1.440000000000000036e+01
1.435999999999999943e+01
1.435999999999999943e+01
1.442999999999999972e+01
1.433999999999999986e+01
1.435999999999999943e+01
1.439000000000000057e+01
1.450000000000000000e+01
1.450999999999999979e+01
1.450999999999999979e+01
1.451999999999999957e+01
1.455000000000000071e+01
1.456000000000000050e+01
1.458000000000000007e+01
1.465000000000000036e+01
1.463000000000000078e+01
1.467999999999999972e+01
1.456000000000000050e+01
1.458000000000000007e+01
1.457000000000000028e+01
1.455000000000000071e+01
1.455000000000000071e+01
1.448000000000000043e+01
1.452999999999999936e+01
1.455000000000000071e+01
1.455000000000000071e+01
1.447000000000000064e+01
1.450999999999999979e+01
1.453999999999999915e+01
1.457000000000000028e+01
1.465000000000000036e+01
1.466999999999999993e+01
1.466000000000000014e+01
1.461999999999999922e+01
1.460999999999999943e+01
1.459999999999999964e+01
1.458000000000000007e+01
1.480000000000000071e+01
1.480000000000000071e+01
1.482000000000000028e+01
1.478999999999999915e+01
1.475000000000000000e+01
1.466000000000000014e+01
1.468999999999999950e+01
1.473000000000000043e+01
1.463000000000000078e+01
1.467999999999999972e+01
1.469999999999999929e+01
1.471000000000000085e+01
1.473000000000000043e+01
1.472000000000000064e+01
1.477999999999999936e+01
1.475999999999999979e+01
1.475999999999999979e+01
1.474000000000000021e+01
1.469999999999999929e+01
1.475999999999999979e+01
1.475999999999999979e+01
1.467999999999999972e+01
1.464000000000000057e+01
1.456000000000000050e+01
1.466000000000000014e+01
1.477999999999999936e+01
1.466999999999999993e+01
1.472000000000000064e+01
1.464000000000000057e+01
1.471000000000000085e+01
1.453999999999999915e+01
1.458999999999999986e+01
1.464000000000000057e+01
1.458999999999999986e+01
1.450999999999999979e+01
1.457000000000000028e+01
1.452999999999999936e+01
1.448000000000000043e+01
1.455000000000000071e+01
1.448000000000000043e+01
1.440000000000000036e+01
1.440000000000000036e+01
1.434999999999999964e+01
1.432000000000000028e+01
1.430000000000000071e+01
1.416000000000000014e+01
1.441000000000000014e+01
1.430000000000000071e+01
1.426999999999999957e+01
1.436999999999999922e+01
1.433999999999999986e+01
1.417999999999999972e+01
1.416000000000000014e+01
1.409999999999999964e+01
1.416999999999999993e+01
1.407000000000000028e+01
1.409999999999999964e+01
1.416999999999999993e+01
1.400000000000000000e+01
1.403999999999999915e+01
1.400000000000000000e+01
1.408000000000000007e+01
1.400000000000000000e+01
1.399000000000000021e+01
1.386999999999999922e+01
1.389000000000000057e+01
1.388000000000000078e+01
1.396000000000000085e+01
1.398000000000000043e+01
1.400000000000000000e+01
1.399000000000000021e+01
1.399000000000000021e+01
1.397000000000000064e+01
1.397000000000000064e+01
1.391000000000000014e+01
1.389000000000000057e+01
1.381000000000000050e+01
1.369999999999999929e+01
1.364000000000000057e+01
1.361999999999999922e+01
1.348000000000000043e+01
1.349000000000000021e+01
1.347000000000000064e+01
1.353999999999999915e+01
1.356000000000000050e+01
1.364000000000000057e+01
1.361999999999999922e+01
1.357000000000000028e+01
1.361999999999999922e+01
1.368999999999999950e+01
1.373000000000000043e+01
1.377999999999999936e+01
1.374000000000000021e+01
1.365000000000000036e+01
1.371000000000000085e+01
1.350999999999999979e+01
1.352999999999999936e+01
1.348000000000000043e+01
1.341000000000000014e+01
1.333000000000000007e+01
1.333000000000000007e+01
1.332000000000000028e+01
1.336999999999999922e+01
1.341999999999999993e+01
1.346000000000000085e+01
1.356000000000000050e+01
1.350999999999999979e+01
1.343999999999999950e+01
1.344999999999999929e+01
1.336999999999999922e+01
1.326999999999999957e+01
1.322000000000000064e+01
1.326999999999999957e+01
1.326999999999999957e+01
1.325999999999999979e+01
1.325999999999999979e+01
1.331000000000000050e+01
1.335999999999999943e+01
1.341000000000000014e+01
1.341000000000000014e+01
1.339000000000000057e+01
1.325999999999999979e+01
1.332000000000000028e+01
1.339000000000000057e+01
1.333999999999999986e+01
1.318999999999999950e+01
1.319999999999999929e+01
1.315000000000000036e+01
1.328999999999999915e+01
1.322000000000000064e+01
1.328999999999999915e+01
1.325999999999999979e+01
1.327999999999999936e+01
1.315000000000000036e+01
1.326999999999999957e+01
1.328999999999999915e+01
1.333000000000000007e+01
1.341000000000000014e+01
1.342999999999999972e+01
1.353999999999999915e+01
1.350000000000000000e+01
1.348000000000000043e+01
1.342999999999999972e+01
1.351999999999999957e+01
1.357000000000000028e+01
1.372000000000000064e+01
1.383000000000000007e+01
1.388000000000000078e+01
1.401999999999999957e+01
1.407000000000000028e+01
1.414000000000000057e+01
1.423000000000000043e+01
1.417999999999999972e+01
1.426999999999999957e+01
1.428999999999999915e+01
1.436999999999999922e+01
1.441000000000000014e+01
1.442999999999999972e+01
1.452999999999999936e+01
1.458000000000000007e+01
1.452999999999999936e+01
1.444999999999999929e+01
1.451999999999999957e+01
1.443999999999999950e+01
1.456000000000000050e+01
1.450000000000000000e+01
1.453999999999999915e+01
1.452999999999999936e+01
1.433000000000000007e+01
1.433000000000000007e+01
1.431000000000000050e+01
1.423000000000000043e+01
1.422000000000000064e+01
1.421000000000000085e+01
1.432000000000000028e+01
1.438000000000000078e+01
1.442999999999999972e+01
1.452999999999999936e+01
1.466000000000000014e+01
1.467999999999999972e+01
1.482000000000000028e+01
1.475000000000000000e+01
1.471000000000000085e+01
1.466999999999999993e+01
1.475000000000000000e+01
1.476999999999999957e+01
1.476999999999999957e+01
1.481000000000000050e+01
1.482000000000000028e+01
1.475000000000000000e+01
1.471000000000000085e+01
1.471000000000000085e+01
1.468999999999999950e+01
1.474000000000000021e+01
1.475999999999999979e+01
1.493999999999999950e+01
1.491999999999999993e+01
1.491000000000000014e+01
1.499000000000000021e+01
1.510999999999999943e+01
1.508999999999999986e+01
1.510999999999999943e+01
1.503999999999999915e+01
1.491999999999999993e+01
1.483999999999999986e+01
1.480000000000000071e+01
1.474000000000000021e+01
1.477999999999999936e+01
1.480000000000000071e+01
1.482000000000000028e+01
1.485999999999999943e+01
1.475000000000000000e+01
1.467999999999999972e+01
1.460999999999999943e+01
1.444999999999999929e+01
1.441999999999999993e+01
1.446000000000000085e+01
1.433999999999999986e+01
1.433999999999999986e+01
1.436999999999999922e+01
1.440000000000000036e+01
1.459999999999999964e+01
1.459999999999999964e+01
1.451999999999999957e+01
1.457000000000000028e+01
1.469999999999999929e+01
1.476999999999999957e+01
1.465000000000000036e+01
1.458999999999999986e+01
1.457000000000000028e+01
1.446000000000000085e+01
1.442999999999999972e+01
1.441999999999999993e+01
1.442999999999999972e+01
1.441999999999999993e+01
1.440000000000000036e+01
1.435999999999999943e+01
1.430000000000000071e+01
1.430000000000000071e+01
1.427999999999999936e+01
1.433000000000000007e+01
1.422000000000000064e+01
1.433999999999999986e+01
1.432000000000000028e+01
1.422000000000000064e+01
1.415000000000000036e+01
1.413000000000000078e+01
1.413000000000000078e+01
1.406000000000000050e+01
1.400000000000000000e+01
1.400999999999999979e+01
1.401999999999999957e+01
1.385999999999999943e+01
1.383000000000000007e+01
1.375000000000000000e+01
1.374000000000000021e+01
1.371000000000000085e+01
1.366000000000000014e+01
1.366999999999999993e+01
1.349000000000000021e+01
1.355000000000000071e+01
1.363000000000000078e+01
1.363000000000000078e+01
1.363000000000000078e+01
1.366000000000000014e+01
1.373000000000000043e+01
1.369999999999999929e+01
1.357000000000000028e+01
1.378999999999999915e+01
1.376999999999999957e+01
1.369999999999999929e+01
1.380000000000000071e+01
1.381000000000000050e+01
1.385999999999999943e+01
1.389000000000000057e+01
1.385999999999999943e+01
1.372000000000000064e+01
1.371000000000000085e+01
1.369999999999999929e+01
1.372000000000000064e+01
1.384999999999999964e+01
1.394999999999999929e+01
1.398000000000000043e+01
1.394999999999999929e+01
1.376999999999999957e+01
1.377999999999999936e+01
1.372000000000000064e+01
1.369999999999999929e+01
1.365000000000000036e+01
1.373000000000000043e+01
1.378999999999999915e+01
1.378999999999999915e+01
1.380000000000000071e+01
1.381000000000000050e+01
1.369999999999999929e+01
1.360999999999999943e+01
1.366999999999999993e+01
1.375999999999999979e+01
1.355000000000000071e+01
1.351999999999999957e+01
1.352999999999999936e+01
1.357000000000000028e+01
1.350000000000000000e+01
1.353999999999999915e+01
1.358000000000000007e+01
1.353999999999999915e+01
1.363000000000000078e+01
1.359999999999999964e+01
1.365000000000000036e+01
1.367999999999999972e+01
1.356000000000000050e+01
1.369999999999999929e+01
1.375999999999999979e+01
1.375999999999999979e+01
1.391000000000000014e+01
1.396000000000000085e+01
1.390000000000000036e+01
1.390000000000000036e+01
1.397000000000000064e+01
1.375999999999999979e+01
1.375000000000000000e+01
1.373000000000000043e+01
1.373000000000000043e+01
1.369999999999999929e+01
1.372000000000000064e+01
1.374000000000000021e+01
1.365000000000000036e+01
1.377999999999999936e+01
1.384999999999999964e+01
1.391999999999999993e+01
1.414000000000000057e+01
1.413000000000000078e+01
1.403999999999999915e+01
1.408999999999999986e+01
1.406000000000000050e+01
1.408000000000000007e+01
1.411999999999999922e+01
1.413000000000000078e+01
1.409999999999999964e+01
1.416000000000000014e+01
1.418999999999999950e+01
1.431000000000000050e+01
1.428999999999999915e+01
1.423000000000000043e+01
1.428999999999999915e+01
1.431000000000000050e+01
1.432000000000000028e+01
1.442999999999999972e+01
1.443999999999999950e+01
1.443999999999999950e+01
1.435999999999999943e+01
1.432000000000000028e+01
1.451999999999999957e+01
1.447000000000000064e+01
1.455000000000000071e+01
1.453999999999999915e+01
1.455000000000000071e+01
1.458999999999999986e+01
1.466000000000000014e+01
1.478999999999999915e+01
1.478999999999999915e+01
1.480000000000000071e+01
1.481000000000000050e+01
1.486999999999999922e+01
1.483000000000000007e+01
1.476999999999999957e+01
1.456000000000000050e+01
1.463000000000000078e+01
1.464000000000000057e+01
1.469999999999999929e+01
1.481000000000000050e+01
1.473000000000000043e+01
1.475000000000000000e+01
1.475000000000000000e+01
1.460999999999999943e+01
1.455000000000000071e+01
1.475000000000000000e+01
1.473000000000000043e+01
1.466999999999999993e+01
1.465000000000000036e+01
1.464000000000000057e+01
1.457000000000000028e+01
1.457000000000000028e+01
1.460999999999999943e+01
1.472000000000000064e+01
1.465000000000000036e+01
1.466999999999999993e+01
1.463000000000000078e+01
1.468999999999999950e+01
1.466999999999999993e+01
1.459999999999999964e+01
1.451999999999999957e+01
1.456000000000000050e+01
1.458000000000000007e+01
1.458000000000000007e+01
1.461999999999999922e+01
1.464000000000000057e+01
1.461999999999999922e+01
1.477999999999999936e+01
1.473000000000000043e+01
1.468999999999999950e+01
1.466000000000000014e+01
1.476999999999999957e+01
1.473000000000000043e+01
1.476999999999999957e+01
1.485999999999999943e+01
1.489000000000000057e+01
1.490000000000000036e+01
1.481000000000000050e+01
1.477999999999999936e+01
1.497000000000000064e+01
1.496000000000000085e+01
1.486999999999999922e+01
1.485999999999999943e+01
1.488000000000000078e+01
1.482000000000000028e+01
1.489000000000000057e+01
1.492999999999999972e+01
1.483000000000000007e+01
1.496000000000000085e+01
1.490000000000000036e+01
1.496000000000000085e+01
1.492999999999999972e+01
1.493999999999999950e+01
1.472000000000000064e+01
1.461999999999999922e+01
