-2.100000000000000000e+01
-2.100000000000000000e+01
-2.100000000000000000e+01
-2.075000000000000000e+01
-2.080000000000000071e+01
-2.082999999999999829e+01
-2.071000000000000085e+01
-2.062000000000000099e+01
-2.067000000000000171e+01
-2.069999999999999929e+01
-2.064000000000000057e+01
-2.067000000000000171e+01
-2.062000000000000099e+01
-2.064000000000000057e+01
-2.067000000000000171e+01
-2.062000000000000099e+01
-2.058999999999999986e+01
-2.060999999999999943e+01
-2.062999999999999901e+01
-2.064999999999999858e+01
-2.062000000000000099e+01
-2.058999999999999986e+01
-2.060999999999999943e+01
-2.062000000000000099e+01
-2.055999999999999872e+01
-2.053999999999999915e+01
-2.055999999999999872e+01
-2.053999999999999915e+01
-2.051999999999999957e+01
-2.053000000000000114e+01
-2.055000000000000071e+01
-2.055999999999999872e+01
-2.057999999999999829e+01
-2.058999999999999986e+01
-2.053999999999999915e+01
-2.046999999999999886e+01
-2.048999999999999844e+01
-2.044999999999999929e+01
-2.041000000000000014e+01
-2.042999999999999972e+01
-2.044000000000000128e+01
-2.042999999999999972e+01
-2.044000000000000128e+01
-2.044999999999999929e+01
-2.046999999999999886e+01
-2.048000000000000043e+01
-2.048999999999999844e+01
-2.044000000000000128e+01
-2.042999999999999972e+01
-2.044000000000000128e+01
-2.041000000000000014e+01
-2.037000000000000099e+01
-2.033999999999999986e+01
-2.035000000000000142e+01
-2.032999999999999829e+01
-2.032000000000000028e+01
-2.032000000000000028e+01
-2.032999999999999829e+01
-2.033999999999999986e+01
-2.035000000000000142e+01
-2.033999999999999986e+01
-2.032000000000000028e+01
-2.030000000000000071e+01
-2.030000000000000071e+01
-2.030999999999999872e+01
-2.032000000000000028e+01
-2.030000000000000071e+01
-2.028999999999999915e+01
-2.023000000000000043e+01
-2.021000000000000085e+01
-2.023000000000000043e+01
-2.019000000000000128e+01
-2.021000000000000085e+01
-2.019999999999999929e+01
-2.021000000000000085e+01
-2.021999999999999886e+01
-2.021999999999999886e+01
-2.021000000000000085e+01
-2.019999999999999929e+01
-2.019000000000000128e+01
-2.016000000000000014e+01
-2.016000000000000014e+01
-2.014000000000000057e+01
-2.012999999999999901e+01
-2.012999999999999901e+01
-2.012999999999999901e+01
-2.010999999999999943e+01
-2.010000000000000142e+01
-2.008999999999999986e+01
-2.008999999999999986e+01
-2.010000000000000142e+01
-2.008999999999999986e+01
-2.008999999999999986e+01
-2.010000000000000142e+01
-2.007999999999999829e+01
-2.007999999999999829e+01
-2.007000000000000028e+01
-2.005999999999999872e+01
-2.005000000000000071e+01
-2.003999999999999915e+01
-2.001999999999999957e+01
-1.998999999999999844e+01
-1.998999999999999844e+01
-1.998999999999999844e+01
-1.998999999999999844e+01
-1.998999999999999844e+01
-1.996999999999999886e+01
-1.994999999999999929e+01
-1.994000000000000128e+01
-1.992000000000000171e+01
-1.991000000000000014e+01
-1.989000000000000057e+01
-1.987000000000000099e+01
-1.985999999999999943e+01
-1.985000000000000142e+01
-1.982000000000000028e+01
-1.980000000000000071e+01
-1.978000000000000114e+01
-1.971999999999999886e+01
-1.969999999999999929e+01
-1.971000000000000085e+01
-1.969999999999999929e+01
-1.969000000000000128e+01
-1.964999999999999858e+01
-1.964000000000000057e+01
-1.962000000000000099e+01
-1.957999999999999829e+01
-1.955999999999999872e+01
-1.953000000000000114e+01
-1.948000000000000043e+01
-1.941000000000000014e+01
-1.935000000000000142e+01
-1.930000000000000071e+01
-1.925000000000000000e+01
-1.919999999999999929e+01
-1.919000000000000128e+01
-1.914999999999999858e+01
-1.910000000000000142e+01
-1.908999999999999986e+01
-1.905999999999999872e+01
-1.900000000000000000e+01
-1.892999999999999972e+01
-1.887000000000000099e+01
-1.885000000000000142e+01
-1.880999999999999872e+01
-1.878999999999999915e+01
-1.873999999999999844e+01
-1.873000000000000043e+01
-1.867999999999999972e+01
-1.860999999999999943e+01
-1.860000000000000142e+01
-1.857999999999999829e+01
-1.857999999999999829e+01
-1.855999999999999872e+01
-1.853000000000000114e+01
-1.850000000000000000e+01
-1.848999999999999844e+01
-1.844000000000000128e+01
-1.839999999999999858e+01
-1.835000000000000142e+01
-1.832000000000000028e+01
-1.830000000000000071e+01
-1.826000000000000156e+01
-1.819999999999999929e+01
-1.814000000000000057e+01
-1.807999999999999829e+01
-1.801999999999999957e+01
-1.803000000000000114e+01
-1.803999999999999915e+01
-1.800000000000000000e+01
-1.792999999999999972e+01
-1.787000000000000099e+01
-1.782000000000000028e+01
-1.776999999999999957e+01
-1.767000000000000171e+01
-1.762999999999999901e+01
-1.760000000000000142e+01
-1.757000000000000028e+01
-1.750000000000000000e+01
-1.744000000000000128e+01
-1.739000000000000057e+01
-1.732999999999999829e+01
-1.719999999999999929e+01
-1.707999999999999829e+01
-1.703999999999999915e+01
-1.700000000000000000e+01
-1.687999999999999901e+01
-1.682999999999999829e+01
-1.675000000000000000e+01
-1.664999999999999858e+01
-1.655999999999999872e+01
-1.653999999999999915e+01
-1.648000000000000043e+01
-1.639999999999999858e+01
-1.630999999999999872e+01
-1.619999999999999929e+01
-1.616000000000000014e+01
-1.605000000000000071e+01
-1.593999999999999950e+01
-1.580000000000000071e+01
-1.575000000000000000e+01
-1.565000000000000036e+01
-1.556000000000000050e+01
-1.547000000000000064e+01
-1.534999999999999964e+01
-1.521000000000000085e+01
-1.507000000000000028e+01
-1.503999999999999915e+01
-1.497000000000000064e+01
-1.489000000000000057e+01
-1.474000000000000021e+01
-1.461999999999999922e+01
-1.450000000000000000e+01
-1.438000000000000078e+01
-1.418999999999999950e+01
-1.410999999999999943e+01
-1.400000000000000000e+01
-1.385999999999999943e+01
-1.381000000000000050e+01
-1.369999999999999929e+01
-1.343999999999999950e+01
-1.335999999999999943e+01
-1.319999999999999929e+01
-1.305000000000000071e+01
-1.296000000000000085e+01
-1.269999999999999929e+01
-1.250000000000000000e+01
-1.244999999999999929e+01
-1.234999999999999964e+01
-1.227999999999999936e+01
-1.216999999999999993e+01
-1.200000000000000000e+01
-1.184999999999999964e+01
-1.176999999999999957e+01
-1.166999999999999993e+01
-1.156000000000000050e+01
-1.146000000000000085e+01
-1.130000000000000071e+01
-1.122000000000000064e+01
-1.108000000000000007e+01
-1.083999999999999986e+01
-1.078999999999999915e+01
-1.066999999999999993e+01
-1.061999999999999922e+01
-1.043999999999999950e+01
-1.033999999999999986e+01
-1.024000000000000021e+01
-1.013000000000000078e+01
-9.970000000000000639e+00
-9.820000000000000284e+00
-9.609999999999999432e+00
-9.429999999999999716e+00
-9.130000000000000782e+00
-8.900000000000000355e+00
-8.759999999999999787e+00
-8.539999999999999147e+00
-8.449999999999999289e+00
-8.279999999999999361e+00
-8.150000000000000355e+00
-7.900000000000000355e+00
-7.759999999999999787e+00
-7.610000000000000320e+00
-7.450000000000000178e+00
-7.150000000000000355e+00
-6.969999999999999751e+00
-6.860000000000000320e+00
-6.809999999999999609e+00
-6.530000000000000249e+00
-6.339999999999999858e+00
-6.099999999999999645e+00
-5.980000000000000426e+00
-5.809999999999999609e+00
-5.580000000000000071e+00
-5.419999999999999929e+00
-5.400000000000000355e+00
-5.160000000000000142e+00
-4.969999999999999751e+00
-4.910000000000000142e+00
-4.740000000000000213e+00
-4.660000000000000142e+00
-4.519999999999999574e+00
-4.349999999999999645e+00
-4.320000000000000284e+00
-4.269999999999999574e+00
-4.070000000000000284e+00
-3.890000000000000124e+00
-3.779999999999999805e+00
-3.689999999999999947e+00
-3.500000000000000000e+00
-3.330000000000000071e+00
-3.270000000000000018e+00
-3.140000000000000124e+00
-2.919999999999999929e+00
-2.740000000000000213e+00
-2.600000000000000089e+00
-2.450000000000000178e+00
-2.220000000000000195e+00
-2.069999999999999840e+00
-1.949999999999999956e+00
-1.879999999999999893e+00
-1.750000000000000000e+00
-1.629999999999999893e+00
-1.540000000000000036e+00
-1.340000000000000080e+00
-1.169999999999999929e+00
-1.090000000000000080e+00
-9.300000000000000488e-01
-8.399999999999999689e-01
-7.199999999999999734e-01
-5.699999999999999512e-01
-5.000000000000000000e-01
-3.400000000000000244e-01
-2.099999999999999922e-01
-8.000000000000000167e-02
-5.000000000000000278e-02
1.400000000000000133e-01
2.800000000000000266e-01
3.499999999999999778e-01
4.600000000000000200e-01
5.899999999999999689e-01
6.800000000000000488e-01
8.699999999999999956e-01
9.599999999999999645e-01
1.129999999999999893e+00
1.270000000000000018e+00
1.219999999999999973e+00
1.300000000000000044e+00
1.560000000000000053e+00
1.679999999999999938e+00
1.850000000000000089e+00
1.800000000000000044e+00
1.790000000000000036e+00
1.860000000000000098e+00
2.060000000000000053e+00
2.189999999999999947e+00
2.359999999999999876e+00
2.540000000000000036e+00
2.529999999999999805e+00
2.609999999999999876e+00
2.750000000000000000e+00
2.669999999999999929e+00
2.830000000000000071e+00
3.000000000000000000e+00
3.109999999999999876e+00
3.149999999999999911e+00
3.330000000000000071e+00
3.509999999999999787e+00
3.609999999999999876e+00
3.609999999999999876e+00
3.649999999999999911e+00
3.770000000000000018e+00
3.779999999999999805e+00
3.750000000000000000e+00
3.810000000000000053e+00
3.890000000000000124e+00
3.910000000000000142e+00
4.059999999999999609e+00
4.160000000000000142e+00
4.309999999999999609e+00
4.349999999999999645e+00
4.480000000000000426e+00
4.639999999999999680e+00
4.750000000000000000e+00
4.650000000000000355e+00
4.700000000000000178e+00
4.809999999999999609e+00
4.990000000000000213e+00
5.000000000000000000e+00
5.129999999999999893e+00
5.129999999999999893e+00
5.230000000000000426e+00
5.259999999999999787e+00
5.269999999999999574e+00
5.349999999999999645e+00
5.580000000000000071e+00
5.669999999999999929e+00
5.700000000000000178e+00
5.769999999999999574e+00
5.809999999999999609e+00
5.950000000000000178e+00
6.040000000000000036e+00
6.120000000000000107e+00
6.309999999999999609e+00
6.400000000000000355e+00
6.440000000000000391e+00
6.490000000000000213e+00
6.599999999999999645e+00
6.730000000000000426e+00
6.750000000000000000e+00
6.759999999999999787e+00
6.900000000000000355e+00
7.030000000000000249e+00
7.080000000000000071e+00
7.099999999999999645e+00
7.169999999999999929e+00
7.200000000000000178e+00
7.290000000000000036e+00
7.349999999999999645e+00
7.429999999999999716e+00
7.519999999999999574e+00
7.629999999999999893e+00
7.660000000000000142e+00
7.809999999999999609e+00
7.790000000000000036e+00
7.879999999999999893e+00
8.000000000000000000e+00
8.029999999999999361e+00
8.250000000000000000e+00
8.369999999999999218e+00
8.449999999999999289e+00
8.539999999999999147e+00
8.550000000000000711e+00
8.580000000000000071e+00
8.679999999999999716e+00
8.810000000000000497e+00
8.849999999999999645e+00
8.910000000000000142e+00
9.000000000000000000e+00
9.089999999999999858e+00
9.240000000000000213e+00
9.210000000000000853e+00
9.230000000000000426e+00
9.269999999999999574e+00
9.240000000000000213e+00
9.320000000000000284e+00
9.449999999999999289e+00
9.509999999999999787e+00
9.539999999999999147e+00
9.619999999999999218e+00
9.679999999999999716e+00
9.910000000000000142e+00
1.005000000000000071e+01
1.015000000000000036e+01
1.022000000000000064e+01
1.028999999999999915e+01
1.033000000000000007e+01
1.027999999999999936e+01
1.040000000000000036e+01
1.058999999999999986e+01
1.065000000000000036e+01
1.083000000000000007e+01
1.090000000000000036e+01
1.088000000000000078e+01
1.105000000000000071e+01
1.116999999999999993e+01
1.124000000000000021e+01
1.127999999999999936e+01
1.139000000000000057e+01
1.151999999999999957e+01
1.161999999999999922e+01
1.161999999999999922e+01
1.175000000000000000e+01
1.185999999999999943e+01
1.193999999999999950e+01
1.200000000000000000e+01
1.205000000000000071e+01
1.216999999999999993e+01
1.219999999999999929e+01
1.221000000000000085e+01
1.224000000000000021e+01
1.233000000000000007e+01
1.232000000000000028e+01
1.238000000000000078e+01
1.247000000000000064e+01
1.253999999999999915e+01
1.258999999999999986e+01
1.261999999999999922e+01
1.260999999999999943e+01
1.261999999999999922e+01
1.269999999999999929e+01
1.272000000000000064e+01
1.281000000000000050e+01
1.291000000000000014e+01
1.297000000000000064e+01
1.298000000000000043e+01
1.300000000000000000e+01
1.308999999999999986e+01
1.325000000000000000e+01
1.333000000000000007e+01
1.340000000000000036e+01
1.348000000000000043e+01
1.343999999999999950e+01
1.344999999999999929e+01
1.356000000000000050e+01
1.355000000000000071e+01
1.363000000000000078e+01
1.365000000000000036e+01
1.373000000000000043e+01
1.382000000000000028e+01
1.390000000000000036e+01
1.397000000000000064e+01
1.401999999999999957e+01
1.405000000000000071e+01
1.416999999999999993e+01
1.424000000000000021e+01
1.427999999999999936e+01
1.426999999999999957e+01
1.430000000000000071e+01
1.430000000000000071e+01
1.431000000000000050e+01
1.438000000000000078e+01
1.450000000000000000e+01
1.455000000000000071e+01
1.467999999999999972e+01
1.465000000000000036e+01
1.469999999999999929e+01
1.472000000000000064e+01
1.469999999999999929e+01
1.475999999999999979e+01
1.475999999999999979e+01
1.478999999999999915e+01
1.484999999999999964e+01
1.491999999999999993e+01
1.482000000000000028e+01
1.485999999999999943e+01
1.491000000000000014e+01
1.494999999999999929e+01
1.500999999999999979e+01
1.506000000000000050e+01
1.503999999999999915e+01
1.510999999999999943e+01
1.513000000000000078e+01
1.517999999999999972e+01
1.523000000000000043e+01
1.528999999999999915e+01
1.526999999999999957e+01
1.526999999999999957e+01
1.532000000000000028e+01
1.534999999999999964e+01
1.535999999999999943e+01
1.535999999999999943e+01
1.540000000000000036e+01
1.541999999999999993e+01
1.539000000000000057e+01
1.535999999999999943e+01
1.541000000000000014e+01
1.552999999999999936e+01
1.555000000000000071e+01
1.550999999999999979e+01
1.544999999999999929e+01
1.543999999999999950e+01
1.549000000000000021e+01
1.553999999999999915e+01
1.558999999999999986e+01
1.558000000000000007e+01
1.553999999999999915e+01
1.548000000000000043e+01
1.550000000000000000e+01
1.553999999999999915e+01
1.558000000000000007e+01
1.560999999999999943e+01
1.560999999999999943e+01
1.553999999999999915e+01
1.550999999999999979e+01
1.556000000000000050e+01
1.558999999999999986e+01
1.558999999999999986e+01
1.563000000000000078e+01
1.569999999999999929e+01
1.574000000000000021e+01
1.573000000000000043e+01
1.574000000000000021e+01
1.574000000000000021e+01
1.574000000000000021e+01
1.577999999999999936e+01
1.583000000000000007e+01
1.586999999999999922e+01
1.600000000000000000e+01
1.603000000000000114e+01
1.605000000000000071e+01
1.607999999999999829e+01
1.610999999999999943e+01
1.612000000000000099e+01
1.617999999999999972e+01
1.614999999999999858e+01
1.612000000000000099e+01
1.612999999999999901e+01
1.619999999999999929e+01
1.621000000000000085e+01
1.623999999999999844e+01
1.623999999999999844e+01
1.632999999999999829e+01
1.632999999999999829e+01
1.630999999999999872e+01
1.642999999999999972e+01
1.639000000000000057e+01
1.637000000000000099e+01
1.637999999999999901e+01
1.639000000000000057e+01
1.642999999999999972e+01
1.646000000000000085e+01
1.648999999999999844e+01
1.651999999999999957e+01
1.651999999999999957e+01
1.644999999999999929e+01
1.644999999999999929e+01
1.646000000000000085e+01
1.648999999999999844e+01
1.655999999999999872e+01
1.660000000000000142e+01
1.660999999999999943e+01
1.658999999999999986e+01
1.660000000000000142e+01
1.653999999999999915e+01
1.657999999999999829e+01
1.657000000000000028e+01
1.660000000000000142e+01
1.664999999999999858e+01
1.662999999999999901e+01
1.669000000000000128e+01
1.671999999999999886e+01
1.675000000000000000e+01
1.676999999999999957e+01
1.691000000000000014e+01
1.689999999999999858e+01
1.689000000000000057e+01
1.691000000000000014e+01
1.689999999999999858e+01
1.692000000000000171e+01
1.694000000000000128e+01
1.692000000000000171e+01
1.691000000000000014e+01
1.694000000000000128e+01
1.689000000000000057e+01
1.687999999999999901e+01
1.689999999999999858e+01
1.692999999999999972e+01
1.685000000000000142e+01
1.685999999999999943e+01
1.687999999999999901e+01
1.689999999999999858e+01
1.689000000000000057e+01
1.685999999999999943e+01
1.687000000000000099e+01
1.694000000000000128e+01
1.692000000000000171e+01
1.694999999999999929e+01
1.698999999999999844e+01
1.707000000000000028e+01
1.712000000000000099e+01
1.712999999999999901e+01
1.712000000000000099e+01
1.714000000000000057e+01
1.710999999999999943e+01
1.712000000000000099e+01
1.719000000000000128e+01
1.726999999999999957e+01
1.728999999999999915e+01
1.728999999999999915e+01
1.726000000000000156e+01
1.726000000000000156e+01
1.730000000000000071e+01
1.739000000000000057e+01
1.742999999999999972e+01
1.746000000000000085e+01
1.748999999999999844e+01
1.751999999999999957e+01
1.751000000000000156e+01
1.751999999999999957e+01
1.751000000000000156e+01
1.746999999999999886e+01
1.751999999999999957e+01
1.748000000000000043e+01
1.751000000000000156e+01
1.751000000000000156e+01
1.751999999999999957e+01
1.751999999999999957e+01
1.750000000000000000e+01
1.750000000000000000e+01
1.748000000000000043e+01
1.753999999999999915e+01
1.753000000000000114e+01
1.755000000000000071e+01
1.753999999999999915e+01
1.762999999999999901e+01
1.767999999999999972e+01
1.771999999999999886e+01
1.771999999999999886e+01
1.773999999999999844e+01
1.773000000000000043e+01
1.773999999999999844e+01
1.778999999999999915e+01
1.780999999999999872e+01
1.782000000000000028e+01
1.782999999999999829e+01
1.792000000000000171e+01
1.794000000000000128e+01
1.798000000000000043e+01
1.796999999999999886e+01
1.794999999999999929e+01
1.796000000000000085e+01
1.796999999999999886e+01
1.794999999999999929e+01
1.794999999999999929e+01
1.801000000000000156e+01
1.807999999999999829e+01
1.812000000000000099e+01
1.812000000000000099e+01
1.814000000000000057e+01
1.817000000000000171e+01
1.819000000000000128e+01
1.821999999999999886e+01
1.819000000000000128e+01
1.817000000000000171e+01
1.819000000000000128e+01
1.812999999999999901e+01
1.810000000000000142e+01
1.812000000000000099e+01
1.812000000000000099e+01
1.812999999999999901e+01
1.812000000000000099e+01
1.807999999999999829e+01
1.810000000000000142e+01
1.810999999999999943e+01
1.808999999999999986e+01
1.808999999999999986e+01
1.803999999999999915e+01
1.803000000000000114e+01
1.805000000000000071e+01
1.798000000000000043e+01
1.801000000000000156e+01
1.808999999999999986e+01
1.807000000000000028e+01
1.812999999999999901e+01
1.810999999999999943e+01
1.814999999999999858e+01
1.814999999999999858e+01
1.821999999999999886e+01
1.823000000000000043e+01
1.825000000000000000e+01
1.826999999999999957e+01
1.828999999999999915e+01
1.828000000000000114e+01
1.830999999999999872e+01
1.826999999999999957e+01
1.828000000000000114e+01
1.826999999999999957e+01
1.826999999999999957e+01
1.825000000000000000e+01
1.826999999999999957e+01
1.828000000000000114e+01
1.826999999999999957e+01
1.826999999999999957e+01
1.832000000000000028e+01
1.832000000000000028e+01
1.832999999999999829e+01
1.835000000000000142e+01
1.837000000000000099e+01
1.837999999999999901e+01
1.841000000000000014e+01
1.842000000000000171e+01
1.842000000000000171e+01
1.839999999999999858e+01
1.839000000000000057e+01
1.835000000000000142e+01
1.837999999999999901e+01
1.835999999999999943e+01
1.839000000000000057e+01
1.837999999999999901e+01
1.839000000000000057e+01
1.841000000000000014e+01
1.841000000000000014e+01
1.844000000000000128e+01
1.844999999999999929e+01
1.842000000000000171e+01
1.842000000000000171e+01
1.844000000000000128e+01
1.846999999999999886e+01
1.846000000000000085e+01
1.848000000000000043e+01
1.848000000000000043e+01
1.850000000000000000e+01
1.848000000000000043e+01
1.846999999999999886e+01
1.844999999999999929e+01
1.844000000000000128e+01
1.844999999999999929e+01
1.842999999999999972e+01
1.844000000000000128e+01
1.844000000000000128e+01
1.846000000000000085e+01
1.844999999999999929e+01
1.844000000000000128e+01
1.846999999999999886e+01
1.846999999999999886e+01
1.844000000000000128e+01
1.842999999999999972e+01
1.841000000000000014e+01
1.842000000000000171e+01
1.844999999999999929e+01
1.842999999999999972e+01
1.839000000000000057e+01
1.842999999999999972e+01
1.842999999999999972e+01
1.846000000000000085e+01
1.844000000000000128e+01
1.839000000000000057e+01
1.839999999999999858e+01
1.837999999999999901e+01
1.839999999999999858e+01
1.837000000000000099e+01
1.837999999999999901e+01
1.844000000000000128e+01
1.848999999999999844e+01
1.850000000000000000e+01
1.858999999999999986e+01
1.862000000000000099e+01
1.860999999999999943e+01
1.864000000000000057e+01
1.864000000000000057e+01
1.867000000000000171e+01
1.871999999999999886e+01
1.871000000000000085e+01
1.869999999999999929e+01
1.871000000000000085e+01
1.871999999999999886e+01
1.878000000000000114e+01
1.883999999999999986e+01
1.882999999999999829e+01
1.889000000000000057e+01
1.889000000000000057e+01
1.891000000000000014e+01
1.894999999999999929e+01
1.892999999999999972e+01
1.898000000000000043e+01
1.896000000000000085e+01
1.894000000000000128e+01
1.891000000000000014e+01
1.891000000000000014e+01
1.892999999999999972e+01
1.894000000000000128e+01
1.894999999999999929e+01
1.901000000000000156e+01
1.901000000000000156e+01
1.901000000000000156e+01
1.901999999999999957e+01
1.903000000000000114e+01
1.903000000000000114e+01
1.903000000000000114e+01
1.907000000000000028e+01
1.907999999999999829e+01
1.907999999999999829e+01
1.907999999999999829e+01
1.900000000000000000e+01
1.901000000000000156e+01
1.901000000000000156e+01
1.901999999999999957e+01
1.898000000000000043e+01
1.898999999999999844e+01
1.901000000000000156e+01
1.900000000000000000e+01
1.898999999999999844e+01
1.900000000000000000e+01
1.903000000000000114e+01
1.905999999999999872e+01
1.905999999999999872e+01
1.907999999999999829e+01
1.903000000000000114e+01
1.900000000000000000e+01
1.901000000000000156e+01
1.905999999999999872e+01
1.905999999999999872e+01
1.907000000000000028e+01
1.907000000000000028e+01
1.910999999999999943e+01
1.912999999999999901e+01
1.914999999999999858e+01
1.912999999999999901e+01
1.914999999999999858e+01
1.914000000000000057e+01
1.914999999999999858e+01
1.908999999999999986e+01
1.910000000000000142e+01
1.910000000000000142e+01
1.912000000000000099e+01
1.912999999999999901e+01
1.914000000000000057e+01
1.916000000000000014e+01
1.916000000000000014e+01
1.917000000000000171e+01
1.917000000000000171e+01
1.917000000000000171e+01
1.919000000000000128e+01
1.917999999999999972e+01
1.919000000000000128e+01
1.921999999999999886e+01
1.923000000000000043e+01
1.921999999999999886e+01
1.919999999999999929e+01
1.919999999999999929e+01
1.921000000000000085e+01
1.926000000000000156e+01
1.926000000000000156e+01
1.926999999999999957e+01
1.925000000000000000e+01
1.923999999999999844e+01
1.926999999999999957e+01
1.926000000000000156e+01
1.925000000000000000e+01
1.921000000000000085e+01
1.923000000000000043e+01
1.921999999999999886e+01
1.921999999999999886e+01
1.923999999999999844e+01
1.923999999999999844e+01
1.923999999999999844e+01
1.923000000000000043e+01
1.921000000000000085e+01
1.921999999999999886e+01
1.923999999999999844e+01
1.923999999999999844e+01
1.923999999999999844e+01
1.921000000000000085e+01
1.921999999999999886e+01
1.921999999999999886e+01
1.917000000000000171e+01
1.917999999999999972e+01
1.917000000000000171e+01
1.916000000000000014e+01
1.917999999999999972e+01
1.917000000000000171e+01
1.916000000000000014e+01
1.914999999999999858e+01
1.919000000000000128e+01
1.917999999999999972e+01
1.919999999999999929e+01
1.921000000000000085e+01
1.916000000000000014e+01
1.917000000000000171e+01
1.916000000000000014e+01
1.914999999999999858e+01
1.914999999999999858e+01
1.914999999999999858e+01
1.910000000000000142e+01
1.910999999999999943e+01
1.907999999999999829e+01
1.903999999999999915e+01
1.905000000000000071e+01
1.907000000000000028e+01
1.905000000000000071e+01
1.903999999999999915e+01
1.905999999999999872e+01
1.907999999999999829e+01
1.916000000000000014e+01
1.914999999999999858e+01
1.914999999999999858e+01
1.914999999999999858e+01
1.916000000000000014e+01
1.917000000000000171e+01
1.916000000000000014e+01
1.914000000000000057e+01
1.916000000000000014e+01
1.917000000000000171e+01
1.917000000000000171e+01
1.912999999999999901e+01
1.910000000000000142e+01
1.910000000000000142e+01
1.916000000000000014e+01
1.917999999999999972e+01
1.914999999999999858e+01
1.914999999999999858e+01
1.914000000000000057e+01
1.912000000000000099e+01
1.912000000000000099e+01
1.912000000000000099e+01
1.912000000000000099e+01
1.912000000000000099e+01
1.914000000000000057e+01
1.912000000000000099e+01
1.912999999999999901e+01
1.903999999999999915e+01
1.903999999999999915e+01
1.903000000000000114e+01
1.898999999999999844e+01
1.898000000000000043e+01
1.896999999999999886e+01
1.894999999999999929e+01
1.896000000000000085e+01
1.894999999999999929e+01
1.896000000000000085e+01
1.896000000000000085e+01
1.896999999999999886e+01
1.896999999999999886e+01
1.894000000000000128e+01
1.889000000000000057e+01
1.887999999999999901e+01
1.889999999999999858e+01
1.892000000000000171e+01
1.889999999999999858e+01
1.887999999999999901e+01
1.889000000000000057e+01
1.889000000000000057e+01
1.887000000000000099e+01
1.887999999999999901e+01
1.889000000000000057e+01
1.892000000000000171e+01
1.892999999999999972e+01
1.894999999999999929e+01
1.896999999999999886e+01
1.900000000000000000e+01
1.901999999999999957e+01
1.903000000000000114e+01
1.901999999999999957e+01
1.903000000000000114e+01
1.901999999999999957e+01
1.896000000000000085e+01
1.892999999999999972e+01
1.896000000000000085e+01
1.894999999999999929e+01
1.889999999999999858e+01
1.891000000000000014e+01
1.891000000000000014e+01
1.894999999999999929e+01
1.894999999999999929e+01
1.898000000000000043e+01
1.896000000000000085e+01
1.894000000000000128e+01
1.891000000000000014e+01
1.894999999999999929e+01
1.892000000000000171e+01
1.892999999999999972e+01
1.894000000000000128e+01
1.887999999999999901e+01
1.889000000000000057e+01
1.885999999999999943e+01
1.885999999999999943e+01
1.887999999999999901e+01
1.896999999999999886e+01
1.896000000000000085e+01
1.896999999999999886e+01
1.896999999999999886e+01
1.894999999999999929e+01
1.894999999999999929e+01
1.896999999999999886e+01
1.898000000000000043e+01
1.896999999999999886e+01
1.898000000000000043e+01
1.896999999999999886e+01
1.896000000000000085e+01
1.896000000000000085e+01
1.892999999999999972e+01
1.894000000000000128e+01
1.892999999999999972e+01
1.892000000000000171e+01
1.892000000000000171e+01
1.892000000000000171e+01
1.889999999999999858e+01
1.892999999999999972e+01
1.892000000000000171e+01
1.892999999999999972e+01
1.896000000000000085e+01
1.896000000000000085e+01
1.894000000000000128e+01
1.889999999999999858e+01
1.892000000000000171e+01
1.894000000000000128e+01
1.894999999999999929e+01
1.894000000000000128e+01
1.896999999999999886e+01
1.898999999999999844e+01
1.898999999999999844e+01
1.901000000000000156e+01
1.903999999999999915e+01
1.905000000000000071e+01
1.903999999999999915e+01
1.901000000000000156e+01
1.896999999999999886e+01
1.896000000000000085e+01
1.896999999999999886e+01
1.898000000000000043e+01
1.905999999999999872e+01
1.907000000000000028e+01
1.907999999999999829e+01
1.914000000000000057e+01
1.914999999999999858e+01
1.910999999999999943e+01
1.912000000000000099e+01
1.910000000000000142e+01
1.912000000000000099e+01
1.912999999999999901e+01
1.908999999999999986e+01
1.907999999999999829e+01
1.907999999999999829e+01
1.912000000000000099e+01
1.914000000000000057e+01
1.916000000000000014e+01
1.917000000000000171e+01
1.917999999999999972e+01
1.921999999999999886e+01
1.923000000000000043e+01
1.923000000000000043e+01
1.923999999999999844e+01
1.921999999999999886e+01
1.921999999999999886e+01
1.923999999999999844e+01
1.925000000000000000e+01
1.926000000000000156e+01
1.919000000000000128e+01
1.919000000000000128e+01
1.919999999999999929e+01
1.917999999999999972e+01
1.917999999999999972e+01
1.917999999999999972e+01
1.916000000000000014e+01
1.914000000000000057e+01
1.916000000000000014e+01
1.921000000000000085e+01
1.916000000000000014e+01
1.919000000000000128e+01
1.923000000000000043e+01
1.923000000000000043e+01
1.921000000000000085e+01
1.921000000000000085e+01
1.917000000000000171e+01
1.917000000000000171e+01
1.926000000000000156e+01
1.926999999999999957e+01
1.930999999999999872e+01
1.930999999999999872e+01
1.930999999999999872e+01
1.932000000000000028e+01
1.930000000000000071e+01
1.937999999999999901e+01
1.935999999999999943e+01
1.939999999999999858e+01
1.941000000000000014e+01
1.939999999999999858e+01
1.939000000000000057e+01
1.939000000000000057e+01
1.939000000000000057e+01
1.937000000000000099e+01
1.937999999999999901e+01
1.935999999999999943e+01
1.939999999999999858e+01
1.941000000000000014e+01
1.944999999999999929e+01
1.946999999999999886e+01
1.948999999999999844e+01
1.948000000000000043e+01
1.946999999999999886e+01
1.946999999999999886e+01
1.944999999999999929e+01
1.944999999999999929e+01
1.944999999999999929e+01
1.946999999999999886e+01
1.946000000000000085e+01
1.939000000000000057e+01
1.937999999999999901e+01
1.937000000000000099e+01
1.933999999999999986e+01
1.932999999999999829e+01
1.926999999999999957e+01
1.926999999999999957e+01
1.928999999999999915e+01
1.930000000000000071e+01
1.928000000000000114e+01
1.926000000000000156e+01
1.926000000000000156e+01
1.917999999999999972e+01
1.917999999999999972e+01
1.917000000000000171e+01
1.914999999999999858e+01
1.914999999999999858e+01
1.912999999999999901e+01
1.914999999999999858e+01
1.916000000000000014e+01
1.916000000000000014e+01
1.914000000000000057e+01
1.914000000000000057e+01
1.910999999999999943e+01
1.912999999999999901e+01
1.914999999999999858e+01
1.914999999999999858e+01
1.908999999999999986e+01
1.907999999999999829e+01
1.914000000000000057e+01
1.914999999999999858e+01
1.908999999999999986e+01
1.908999999999999986e+01
1.907999999999999829e+01
1.912000000000000099e+01
1.912999999999999901e+01
1.910999999999999943e+01
1.910000000000000142e+01
1.910999999999999943e+01
1.907999999999999829e+01
1.907999999999999829e+01
1.905999999999999872e+01
1.907000000000000028e+01
1.901999999999999957e+01
1.903999999999999915e+01
1.903000000000000114e+01
1.905999999999999872e+01
1.901999999999999957e+01
1.901999999999999957e+01
1.901999999999999957e+01
1.901999999999999957e+01
1.907999999999999829e+01
1.908999999999999986e+01
1.908999999999999986e+01
1.910000000000000142e+01
1.907999999999999829e+01
1.907000000000000028e+01
1.905999999999999872e+01
1.905000000000000071e+01
1.907000000000000028e+01
1.905000000000000071e+01
1.910000000000000142e+01
1.910000000000000142e+01
1.908999999999999986e+01
1.907000000000000028e+01
1.910000000000000142e+01
1.903999999999999915e+01
1.905000000000000071e+01
1.903999999999999915e+01
1.903999999999999915e+01
1.901999999999999957e+01
1.898000000000000043e+01
1.898000000000000043e+01
1.900000000000000000e+01
1.898999999999999844e+01
1.898999999999999844e+01
1.898999999999999844e+01
1.896999999999999886e+01
1.896999999999999886e+01
1.896000000000000085e+01
1.896999999999999886e+01
1.896000000000000085e+01
1.889999999999999858e+01
1.882999999999999829e+01
1.878999999999999915e+01
1.876999999999999957e+01
1.878999999999999915e+01
1.873000000000000043e+01
1.873999999999999844e+01
1.875000000000000000e+01
1.875000000000000000e+01
1.875000000000000000e+01
1.873999999999999844e+01
1.875000000000000000e+01
1.878000000000000114e+01
1.876999999999999957e+01
1.878000000000000114e+01
1.875000000000000000e+01
1.873999999999999844e+01
1.871000000000000085e+01
1.878999999999999915e+01
1.880000000000000071e+01
1.880999999999999872e+01
1.882999999999999829e+01
1.885999999999999943e+01
1.889999999999999858e+01
1.891000000000000014e+01
1.892999999999999972e+01
1.896000000000000085e+01
1.896000000000000085e+01
1.896999999999999886e+01
1.896999999999999886e+01
1.905000000000000071e+01
1.905000000000000071e+01
1.905999999999999872e+01
1.907999999999999829e+01
1.908999999999999986e+01
1.910000000000000142e+01
1.907999999999999829e+01
1.905000000000000071e+01
1.908999999999999986e+01
1.910999999999999943e+01
1.912999999999999901e+01
1.910999999999999943e+01
1.908999999999999986e+01
1.912000000000000099e+01
1.912999999999999901e+01
1.917000000000000171e+01
1.917000000000000171e+01
1.916000000000000014e+01
1.912999999999999901e+01
1.917000000000000171e+01
1.912000000000000099e+01
1.912999999999999901e+01
1.912999999999999901e+01
1.910000000000000142e+01
1.912999999999999901e+01
1.910000000000000142e+01
1.910000000000000142e+01
1.912999999999999901e+01
1.912999999999999901e+01
1.914000000000000057e+01
1.914000000000000057e+01
1.917999999999999972e+01
1.914999999999999858e+01
1.917000000000000171e+01
1.917000000000000171e+01
1.916000000000000014e+01
1.912000000000000099e+01
1.910000000000000142e+01
1.908999999999999986e+01
1.910000000000000142e+01
1.905999999999999872e+01
1.905999999999999872e+01
1.907000000000000028e+01
1.903000000000000114e+01
1.903000000000000114e+01
1.905999999999999872e+01
1.907999999999999829e+01
1.908999999999999986e+01
1.910000000000000142e+01
1.907000000000000028e+01
1.905999999999999872e+01
1.905999999999999872e+01
1.907999999999999829e+01
1.905999999999999872e+01
1.910999999999999943e+01
1.908999999999999986e+01
1.907000000000000028e+01
1.907000000000000028e+01
1.910000000000000142e+01
1.912000000000000099e+01
1.907999999999999829e+01
1.903999999999999915e+01
1.903999999999999915e+01
1.903999999999999915e+01
1.903999999999999915e+01
1.905999999999999872e+01
1.903000000000000114e+01
1.903999999999999915e+01
1.901000000000000156e+01
1.901999999999999957e+01
1.910999999999999943e+01
1.914000000000000057e+01
1.917999999999999972e+01
1.916000000000000014e+01
1.917000000000000171e+01
1.921000000000000085e+01
1.921000000000000085e+01
1.919000000000000128e+01
1.916000000000000014e+01
1.912000000000000099e+01
1.914999999999999858e+01
1.916000000000000014e+01
1.917000000000000171e+01
1.919000000000000128e+01
1.917999999999999972e+01
1.921000000000000085e+01
1.921999999999999886e+01
1.926999999999999957e+01
1.928000000000000114e+01
1.928000000000000114e+01
1.926000000000000156e+01
1.923999999999999844e+01
1.921000000000000085e+01
1.921000000000000085e+01
1.919999999999999929e+01
1.919000000000000128e+01
1.917000000000000171e+01
1.919000000000000128e+01
1.917000000000000171e+01
1.912999999999999901e+01
1.912000000000000099e+01
1.910999999999999943e+01
1.901000000000000156e+01
1.901999999999999957e+01
1.900000000000000000e+01
1.898999999999999844e+01
1.901000000000000156e+01
1.905000000000000071e+01
1.901999999999999957e+01
1.898999999999999844e+01
1.898000000000000043e+01
1.903999999999999915e+01
1.901000000000000156e+01
1.901000000000000156e+01
1.900000000000000000e+01
1.898000000000000043e+01
1.896000000000000085e+01
1.894999999999999929e+01
1.894999999999999929e+01
1.896000000000000085e+01
1.898999999999999844e+01
1.887000000000000099e+01
1.887000000000000099e+01
1.885999999999999943e+01
1.883999999999999986e+01
1.889000000000000057e+01
1.891000000000000014e+01
1.891000000000000014e+01
1.885000000000000142e+01
1.885000000000000142e+01
1.885000000000000142e+01
1.883999999999999986e+01
1.885000000000000142e+01
1.885000000000000142e+01
1.880999999999999872e+01
1.869000000000000128e+01
1.869000000000000128e+01
1.867999999999999972e+01
1.869000000000000128e+01
1.867999999999999972e+01
1.864999999999999858e+01
1.855000000000000071e+01
1.853000000000000114e+01
1.855999999999999872e+01
1.855999999999999872e+01
1.855000000000000071e+01
1.857000000000000028e+01
1.857999999999999829e+01
1.855000000000000071e+01
1.855999999999999872e+01
1.853999999999999915e+01
1.855999999999999872e+01
1.851999999999999957e+01
1.851000000000000156e+01
1.851000000000000156e+01
1.857000000000000028e+01
1.858999999999999986e+01
1.855000000000000071e+01
1.851000000000000156e+01
1.851000000000000156e+01
1.855000000000000071e+01
1.858999999999999986e+01
1.858999999999999986e+01
1.858999999999999986e+01
1.855999999999999872e+01
1.855000000000000071e+01
1.855999999999999872e+01
1.855999999999999872e+01
1.857999999999999829e+01
1.857000000000000028e+01
1.855000000000000071e+01
1.858999999999999986e+01
1.862999999999999901e+01
1.867000000000000171e+01
1.866000000000000014e+01
1.862000000000000099e+01
1.860000000000000142e+01
1.858999999999999986e+01
1.862000000000000099e+01
1.864000000000000057e+01
1.860000000000000142e+01
1.858999999999999986e+01
1.858999999999999986e+01
1.855000000000000071e+01
1.853000000000000114e+01
1.853000000000000114e+01
1.855000000000000071e+01
1.851999999999999957e+01
1.846999999999999886e+01
1.846000000000000085e+01
1.846999999999999886e+01
1.842000000000000171e+01
1.842000000000000171e+01
1.839999999999999858e+01
1.841000000000000014e+01
1.842000000000000171e+01
1.842999999999999972e+01
1.844000000000000128e+01
1.844999999999999929e+01
1.848999999999999844e+01
1.846999999999999886e+01
1.848999999999999844e+01
1.857999999999999829e+01
1.855999999999999872e+01
1.857999999999999829e+01
1.860999999999999943e+01
1.860000000000000142e+01
1.860999999999999943e+01
1.862999999999999901e+01
1.864999999999999858e+01
1.862000000000000099e+01
1.860000000000000142e+01
1.864999999999999858e+01
1.862999999999999901e+01
1.862999999999999901e+01
1.864999999999999858e+01
1.862999999999999901e+01
1.862999999999999901e+01
1.866000000000000014e+01
1.867999999999999972e+01
1.869999999999999929e+01
1.882000000000000028e+01
1.880000000000000071e+01
1.883999999999999986e+01
1.885999999999999943e+01
1.885999999999999943e+01
1.882000000000000028e+01
1.876000000000000156e+01
1.882999999999999829e+01
1.882999999999999829e+01
1.880999999999999872e+01
1.882999999999999829e+01
1.883999999999999986e+01
1.878999999999999915e+01
1.882999999999999829e+01
1.898999999999999844e+01
1.903000000000000114e+01
1.903000000000000114e+01
1.900000000000000000e+01
1.900000000000000000e+01
1.905999999999999872e+01
1.910999999999999943e+01
1.912000000000000099e+01
1.907000000000000028e+01
1.903999999999999915e+01
1.901000000000000156e+01
1.900000000000000000e+01
1.900000000000000000e+01
1.903000000000000114e+01
1.896000000000000085e+01
1.898000000000000043e+01
1.898000000000000043e+01
1.901999999999999957e+01
1.903000000000000114e+01
1.901999999999999957e+01
1.894999999999999929e+01
1.894000000000000128e+01
1.896000000000000085e+01
1.894000000000000128e+01
1.892999999999999972e+01
1.892999999999999972e+01
1.889999999999999858e+01
1.887999999999999901e+01
1.887999999999999901e+01
1.887999999999999901e+01
1.891000000000000014e+01
1.892000000000000171e+01
1.889999999999999858e+01
1.887000000000000099e+01
1.889000000000000057e+01
1.889000000000000057e+01
1.885000000000000142e+01
1.882999999999999829e+01
1.880000000000000071e+01
1.880999999999999872e+01
1.885999999999999943e+01
1.885000000000000142e+01
1.882999999999999829e+01
1.882999999999999829e+01
1.866000000000000014e+01
1.862000000000000099e+01
1.860000000000000142e+01
1.848000000000000043e+01
1.846000000000000085e+01
1.844999999999999929e+01
1.844999999999999929e+01
1.839999999999999858e+01
1.842000000000000171e+01
1.846999999999999886e+01
1.844000000000000128e+01
1.841000000000000014e+01
1.846999999999999886e+01
1.848000000000000043e+01
1.850000000000000000e+01
1.851000000000000156e+01
1.850000000000000000e+01
1.850000000000000000e+01
1.848999999999999844e+01
1.848999999999999844e+01
1.844999999999999929e+01
1.844999999999999929e+01
1.832000000000000028e+01
1.832000000000000028e+01
1.833999999999999986e+01
1.835000000000000142e+01
1.835000000000000142e+01
1.835000000000000142e+01
1.835000000000000142e+01
1.835000000000000142e+01
1.835999999999999943e+01
1.839000000000000057e+01
1.841000000000000014e+01
1.841000000000000014e+01
1.842999999999999972e+01
1.842000000000000171e+01
1.839000000000000057e+01
1.842999999999999972e+01
1.844000000000000128e+01
1.842000000000000171e+01
1.839999999999999858e+01
1.837000000000000099e+01
1.837000000000000099e+01
1.837000000000000099e+01
1.835000000000000142e+01
1.830999999999999872e+01
1.828000000000000114e+01
1.830000000000000071e+01
1.830999999999999872e+01
1.830000000000000071e+01
1.830000000000000071e+01
1.830999999999999872e+01
1.830999999999999872e+01
1.830999999999999872e+01
1.835999999999999943e+01
1.837000000000000099e+01
1.837999999999999901e+01
1.835999999999999943e+01
1.837000000000000099e+01
1.837999999999999901e+01
1.832999999999999829e+01
1.833999999999999986e+01
1.837000000000000099e+01
1.835000000000000142e+01
1.842000000000000171e+01
1.846000000000000085e+01
1.850000000000000000e+01
1.850000000000000000e+01
1.851000000000000156e+01
1.851999999999999957e+01
1.860000000000000142e+01
1.858999999999999986e+01
1.853999999999999915e+01
1.853999999999999915e+01
1.855000000000000071e+01
1.857000000000000028e+01
1.855999999999999872e+01
1.857000000000000028e+01
1.857000000000000028e+01
1.860999999999999943e+01
1.862999999999999901e+01
1.860999999999999943e+01
1.860000000000000142e+01
1.860999999999999943e+01
1.860999999999999943e+01
1.864999999999999858e+01
1.857999999999999829e+01
1.857999999999999829e+01
1.860000000000000142e+01
1.860000000000000142e+01
1.857999999999999829e+01
1.857999999999999829e+01
1.860999999999999943e+01
1.862999999999999901e+01
1.862000000000000099e+01
1.862000000000000099e+01
1.860999999999999943e+01
1.862000000000000099e+01
1.864000000000000057e+01
1.857999999999999829e+01
1.875000000000000000e+01
1.876999999999999957e+01
1.878999999999999915e+01
1.883999999999999986e+01
1.889999999999999858e+01
1.892999999999999972e+01
1.892999999999999972e+01
1.896999999999999886e+01
1.896000000000000085e+01
1.894999999999999929e+01
1.892000000000000171e+01
1.896999999999999886e+01
1.898000000000000043e+01
1.900000000000000000e+01
1.900000000000000000e+01
1.898999999999999844e+01
1.898999999999999844e+01
1.900000000000000000e+01
1.901000000000000156e+01
1.896999999999999886e+01
1.901000000000000156e+01
1.901999999999999957e+01
1.914000000000000057e+01
1.912000000000000099e+01
1.910999999999999943e+01
1.905999999999999872e+01
1.903999999999999915e+01
1.903000000000000114e+01
1.901000000000000156e+01
1.896000000000000085e+01
1.894000000000000128e+01
1.894000000000000128e+01
1.892000000000000171e+01
1.891000000000000014e+01
1.889999999999999858e+01
1.891000000000000014e+01
1.894999999999999929e+01
1.894000000000000128e+01
1.894999999999999929e+01
1.896000000000000085e+01
1.898000000000000043e+01
1.900000000000000000e+01
1.898000000000000043e+01
1.900000000000000000e+01
1.898999999999999844e+01
1.901999999999999957e+01
1.903000000000000114e+01
1.903000000000000114e+01
1.905999999999999872e+01
1.905999999999999872e+01
1.905000000000000071e+01
1.898000000000000043e+01
1.896000000000000085e+01
1.896999999999999886e+01
1.892999999999999972e+01
1.885999999999999943e+01
1.880000000000000071e+01
1.880000000000000071e+01
1.882000000000000028e+01
1.882999999999999829e+01
1.889000000000000057e+01
1.889000000000000057e+01
1.889999999999999858e+01
1.889999999999999858e+01
1.887999999999999901e+01
1.887000000000000099e+01
1.885999999999999943e+01
1.883999999999999986e+01
1.880999999999999872e+01
1.873999999999999844e+01
1.866000000000000014e+01
1.864000000000000057e+01
1.864000000000000057e+01
1.862999999999999901e+01
1.857999999999999829e+01
1.857000000000000028e+01
1.862000000000000099e+01
1.862999999999999901e+01
1.862999999999999901e+01
1.864000000000000057e+01
1.864000000000000057e+01
1.864000000000000057e+01
1.864000000000000057e+01
1.867000000000000171e+01
1.869000000000000128e+01
1.867999999999999972e+01
1.875000000000000000e+01
1.873999999999999844e+01
1.871999999999999886e+01
1.875000000000000000e+01
1.876000000000000156e+01
1.876000000000000156e+01
1.876999999999999957e+01
1.875000000000000000e+01
1.878000000000000114e+01
1.875000000000000000e+01
1.871999999999999886e+01
1.869999999999999929e+01
1.869000000000000128e+01
1.871999999999999886e+01
1.869999999999999929e+01
1.873000000000000043e+01
1.873999999999999844e+01
1.880999999999999872e+01
1.882000000000000028e+01
1.880999999999999872e+01
1.880999999999999872e+01
1.882000000000000028e+01
1.882000000000000028e+01
1.880999999999999872e+01
1.887999999999999901e+01
1.882999999999999829e+01
1.876000000000000156e+01
1.875000000000000000e+01
1.876000000000000156e+01
1.873999999999999844e+01
1.871999999999999886e+01
1.871000000000000085e+01
1.871000000000000085e+01
1.875000000000000000e+01
1.876000000000000156e+01
1.876999999999999957e+01
1.876999999999999957e+01
1.878999999999999915e+01
1.878999999999999915e+01
1.882000000000000028e+01
1.882999999999999829e+01
1.882000000000000028e+01
1.880000000000000071e+01
1.882999999999999829e+01
1.882000000000000028e+01
1.882999999999999829e+01
1.882999999999999829e+01
1.882999999999999829e+01
1.880999999999999872e+01
1.880000000000000071e+01
1.878000000000000114e+01
1.876999999999999957e+01
1.875000000000000000e+01
1.876000000000000156e+01
1.873000000000000043e+01
1.871999999999999886e+01
1.871999999999999886e+01
1.867999999999999972e+01
1.869000000000000128e+01
1.869000000000000128e+01
1.869999999999999929e+01
1.871999999999999886e+01
1.873000000000000043e+01
1.873000000000000043e+01
1.871000000000000085e+01
1.878000000000000114e+01
1.880000000000000071e+01
1.873000000000000043e+01
1.876000000000000156e+01
1.880999999999999872e+01
1.887000000000000099e+01
1.889000000000000057e+01
1.887999999999999901e+01
1.889000000000000057e+01
1.887999999999999901e+01
1.885000000000000142e+01
1.885999999999999943e+01
1.889000000000000057e+01
1.887999999999999901e+01
1.889000000000000057e+01
1.889999999999999858e+01
1.892000000000000171e+01
1.894000000000000128e+01
1.901000000000000156e+01
1.901000000000000156e+01
1.898999999999999844e+01
1.903000000000000114e+01
1.898999999999999844e+01
1.903000000000000114e+01
1.901999999999999957e+01
1.903999999999999915e+01
1.903000000000000114e+01
1.901999999999999957e+01
1.901000000000000156e+01
1.900000000000000000e+01
1.901000000000000156e+01
1.903000000000000114e+01
1.898999999999999844e+01
1.896999999999999886e+01
1.896999999999999886e+01
1.894999999999999929e+01
1.896000000000000085e+01
1.894999999999999929e+01
1.896000000000000085e+01
1.896999999999999886e+01
1.898000000000000043e+01
1.898000000000000043e+01
1.898999999999999844e+01
1.901000000000000156e+01
1.903000000000000114e+01
1.907000000000000028e+01
1.910000000000000142e+01
1.912999999999999901e+01
1.917000000000000171e+01
1.921000000000000085e+01
1.921000000000000085e+01
1.921999999999999886e+01
1.919999999999999929e+01
1.919999999999999929e+01
1.919999999999999929e+01
1.917999999999999972e+01
1.914999999999999858e+01
1.916000000000000014e+01
1.917000000000000171e+01
1.916000000000000014e+01
1.921000000000000085e+01
1.928999999999999915e+01
1.930000000000000071e+01
1.928000000000000114e+01
1.928999999999999915e+01
1.932000000000000028e+01
1.932999999999999829e+01
1.932999999999999829e+01
1.932999999999999829e+01
1.928999999999999915e+01
1.926000000000000156e+01
1.923999999999999844e+01
1.925000000000000000e+01
1.923999999999999844e+01
1.923000000000000043e+01
1.921000000000000085e+01
1.917000000000000171e+01
1.919000000000000128e+01
1.919999999999999929e+01
1.921999999999999886e+01
1.921000000000000085e+01
1.919000000000000128e+01
1.914999999999999858e+01
1.917999999999999972e+01
1.919999999999999929e+01
1.921999999999999886e+01
1.923000000000000043e+01
1.923000000000000043e+01
1.921999999999999886e+01
1.923999999999999844e+01
1.923000000000000043e+01
1.919999999999999929e+01
1.923000000000000043e+01
1.921999999999999886e+01
1.921000000000000085e+01
1.919000000000000128e+01
1.917999999999999972e+01
1.916000000000000014e+01
1.912000000000000099e+01
1.912999999999999901e+01
1.910999999999999943e+01
1.910000000000000142e+01
1.912999999999999901e+01
1.907000000000000028e+01
1.907999999999999829e+01
1.903999999999999915e+01
1.903000000000000114e+01
1.901999999999999957e+01
1.901000000000000156e+01
1.896999999999999886e+01
1.896000000000000085e+01
1.896000000000000085e+01
1.892000000000000171e+01
1.896000000000000085e+01
1.889999999999999858e+01
1.889000000000000057e+01
1.887999999999999901e+01
1.887000000000000099e+01
1.885999999999999943e+01
1.894000000000000128e+01
1.896000000000000085e+01
1.894999999999999929e+01
1.896999999999999886e+01
1.898000000000000043e+01
1.892999999999999972e+01
1.892000000000000171e+01
1.894000000000000128e+01
1.896999999999999886e+01
1.896999999999999886e+01
1.898999999999999844e+01
1.900000000000000000e+01
1.901999999999999957e+01
1.901999999999999957e+01
1.901000000000000156e+01
1.900000000000000000e+01
1.901000000000000156e+01
1.894000000000000128e+01
1.894000000000000128e+01
1.892000000000000171e+01
1.891000000000000014e+01
1.885000000000000142e+01
1.876000000000000156e+01
1.873999999999999844e+01
1.873000000000000043e+01
1.871000000000000085e+01
1.871000000000000085e+01
1.869000000000000128e+01
1.867999999999999972e+01
1.866000000000000014e+01
1.864999999999999858e+01
1.867000000000000171e+01
1.867000000000000171e+01
1.864000000000000057e+01
1.864000000000000057e+01
1.866000000000000014e+01
1.867000000000000171e+01
1.867999999999999972e+01
1.867000000000000171e+01
1.867999999999999972e+01
1.862000000000000099e+01
1.862000000000000099e+01
1.860999999999999943e+01
1.851000000000000156e+01
1.853999999999999915e+01
1.853999999999999915e+01
1.853000000000000114e+01
1.851999999999999957e+01
1.851000000000000156e+01
1.851999999999999957e+01
1.855999999999999872e+01
1.860000000000000142e+01
1.860999999999999943e+01
1.860000000000000142e+01
1.860999999999999943e+01
1.862999999999999901e+01
1.866000000000000014e+01
1.873000000000000043e+01
1.873999999999999844e+01
1.871999999999999886e+01
1.873999999999999844e+01
1.873999999999999844e+01
1.876999999999999957e+01
1.880999999999999872e+01
1.878000000000000114e+01
1.876999999999999957e+01
1.876999999999999957e+01
1.876999999999999957e+01
1.878000000000000114e+01
1.878999999999999915e+01
1.880000000000000071e+01
1.880999999999999872e+01
1.882999999999999829e+01
1.883999999999999986e+01
1.885000000000000142e+01
1.885999999999999943e+01
1.889000000000000057e+01
1.889999999999999858e+01
1.892000000000000171e+01
1.894999999999999929e+01
1.896000000000000085e+01
1.896999999999999886e+01
1.898999999999999844e+01
1.901999999999999957e+01
1.905000000000000071e+01
1.903999999999999915e+01
1.907000000000000028e+01
1.905999999999999872e+01
1.907000000000000028e+01
1.905999999999999872e+01
1.910999999999999943e+01
1.907000000000000028e+01
1.903000000000000114e+01
1.905000000000000071e+01
1.903000000000000114e+01
1.907999999999999829e+01
1.910000000000000142e+01
1.910999999999999943e+01
1.912000000000000099e+01
1.910000000000000142e+01
1.910999999999999943e+01
1.914000000000000057e+01
1.914000000000000057e+01
1.917000000000000171e+01
1.914000000000000057e+01
1.921000000000000085e+01
1.921000000000000085e+01
1.919999999999999929e+01
1.917000000000000171e+01
1.916000000000000014e+01
1.910000000000000142e+01
1.905000000000000071e+01
1.903999999999999915e+01
1.907000000000000028e+01
1.905000000000000071e+01
1.905000000000000071e+01
1.903000000000000114e+01
1.910000000000000142e+01
1.907999999999999829e+01
1.905999999999999872e+01
1.905000000000000071e+01
1.910000000000000142e+01
1.919000000000000128e+01
1.919999999999999929e+01
1.919999999999999929e+01
1.923000000000000043e+01
1.923000000000000043e+01
1.926000000000000156e+01
1.921000000000000085e+01
1.921999999999999886e+01
1.923000000000000043e+01
1.921000000000000085e+01
1.919000000000000128e+01
1.921999999999999886e+01
1.917000000000000171e+01
1.916000000000000014e+01
1.914000000000000057e+01
1.914999999999999858e+01
1.916000000000000014e+01
1.914999999999999858e+01
1.921999999999999886e+01
1.921999999999999886e+01
1.921999999999999886e+01
1.932000000000000028e+01
1.930999999999999872e+01
1.930000000000000071e+01
1.930999999999999872e+01
1.930000000000000071e+01
1.928999999999999915e+01
1.926000000000000156e+01
1.923999999999999844e+01
1.921000000000000085e+01
1.921999999999999886e+01
1.919999999999999929e+01
1.921000000000000085e+01
1.921000000000000085e+01
1.917999999999999972e+01
1.917999999999999972e+01
1.919000000000000128e+01
1.921000000000000085e+01
1.921000000000000085e+01
1.921999999999999886e+01
1.921999999999999886e+01
1.923000000000000043e+01
1.923000000000000043e+01
1.919999999999999929e+01
1.919000000000000128e+01
1.919999999999999929e+01
1.917000000000000171e+01
1.917000000000000171e+01
1.916000000000000014e+01
1.917999999999999972e+01
1.921000000000000085e+01
1.919999999999999929e+01
1.921000000000000085e+01
1.919999999999999929e+01
1.914999999999999858e+01
1.914999999999999858e+01
1.916000000000000014e+01
1.917999999999999972e+01
1.917999999999999972e+01
1.917999999999999972e+01
1.917999999999999972e+01
1.916000000000000014e+01
1.919000000000000128e+01
1.921000000000000085e+01
1.921999999999999886e+01
1.919000000000000128e+01
1.919000000000000128e+01
1.919999999999999929e+01
1.916000000000000014e+01
1.921999999999999886e+01
1.923999999999999844e+01
1.923999999999999844e+01
1.923000000000000043e+01
1.923999999999999844e+01
1.923000000000000043e+01
1.921000000000000085e+01
1.921000000000000085e+01
1.923999999999999844e+01
1.923999999999999844e+01
1.925000000000000000e+01
1.926000000000000156e+01
1.926000000000000156e+01
1.926999999999999957e+01
1.926000000000000156e+01
1.925000000000000000e+01
1.923000000000000043e+01
1.923999999999999844e+01
1.926999999999999957e+01
1.932999999999999829e+01
1.937999999999999901e+01
1.939000000000000057e+01
1.939999999999999858e+01
1.944000000000000128e+01
1.946000000000000085e+01
1.946000000000000085e+01
1.946000000000000085e+01
1.951000000000000156e+01
1.951000000000000156e+01
