-2.100000000000000000e+01
-2.100000000000000000e+01
-2.067000000000000171e+01
-2.075000000000000000e+01
-2.080000000000000071e+01
-2.067000000000000171e+01
-2.071000000000000085e+01
-2.075000000000000000e+01
-2.067000000000000171e+01
-2.060000000000000142e+01
-2.064000000000000057e+01
-2.067000000000000171e+01
-2.069000000000000128e+01
-2.071000000000000085e+01
-2.073000000000000043e+01
-2.075000000000000000e+01
-2.071000000000000085e+01
-2.067000000000000171e+01
-2.062999999999999901e+01
-2.060000000000000142e+01
-2.057000000000000028e+01
-2.058999999999999986e+01
-2.057000000000000028e+01
-2.057999999999999829e+01
-2.060000000000000142e+01
-2.062000000000000099e+01
-2.058999999999999986e+01
-2.060999999999999943e+01
-2.062000000000000099e+01
-2.060000000000000142e+01
-2.060999999999999943e+01
-2.062000000000000099e+01
-2.064000000000000057e+01
-2.064999999999999858e+01
-2.066000000000000014e+01
-2.067000000000000171e+01
-2.064999999999999858e+01
-2.066000000000000014e+01
-2.067000000000000171e+01
-2.064999999999999858e+01
-2.066000000000000014e+01
-2.067000000000000171e+01
-2.067000000000000171e+01
-2.064000000000000057e+01
-2.062000000000000099e+01
-2.062999999999999901e+01
-2.064000000000000057e+01
-2.064999999999999858e+01
-2.062999999999999901e+01
-2.064000000000000057e+01
-2.064999999999999858e+01
-2.062999999999999901e+01
-2.062000000000000099e+01
-2.062999999999999901e+01
-2.064000000000000057e+01
-2.060999999999999943e+01
-2.060999999999999943e+01
-2.060000000000000142e+01
-2.060999999999999943e+01
-2.062000000000000099e+01
-2.057000000000000028e+01
-2.055999999999999872e+01
-2.057000000000000028e+01
-2.055999999999999872e+01
-2.057000000000000028e+01
-2.057999999999999829e+01
-2.057999999999999829e+01
-2.058999999999999986e+01
-2.057999999999999829e+01
-2.055999999999999872e+01
-2.053999999999999915e+01
-2.053999999999999915e+01
-2.051999999999999957e+01
-2.051000000000000156e+01
-2.051999999999999957e+01
-2.051000000000000156e+01
-2.051000000000000156e+01
-2.046999999999999886e+01
-2.048000000000000043e+01
-2.048000000000000043e+01
-2.048000000000000043e+01
-2.048999999999999844e+01
-2.048999999999999844e+01
-2.048000000000000043e+01
-2.046999999999999886e+01
-2.048000000000000043e+01
-2.046999999999999886e+01
-2.046999999999999886e+01
-2.046999999999999886e+01
-2.046999999999999886e+01
-2.046999999999999886e+01
-2.048000000000000043e+01
-2.046999999999999886e+01
-2.046999999999999886e+01
-2.044999999999999929e+01
-2.046000000000000085e+01
-2.044000000000000128e+01
-2.042000000000000171e+01
-2.041000000000000014e+01
-2.039999999999999858e+01
-2.039000000000000057e+01
-2.037999999999999901e+01
-2.039000000000000057e+01
-2.037999999999999901e+01
-2.035999999999999943e+01
-2.035999999999999943e+01
-2.035000000000000142e+01
-2.033999999999999986e+01
-2.032999999999999829e+01
-2.033999999999999986e+01
-2.032000000000000028e+01
-2.030999999999999872e+01
-2.030999999999999872e+01
-2.030999999999999872e+01
-2.028000000000000114e+01
-2.025000000000000000e+01
-2.025000000000000000e+01
-2.025000000000000000e+01
-2.023999999999999844e+01
-2.023999999999999844e+01
-2.023000000000000043e+01
-2.019000000000000128e+01
-2.019000000000000128e+01
-2.017000000000000171e+01
-2.017000000000000171e+01
-2.014000000000000057e+01
-2.014000000000000057e+01
-2.010999999999999943e+01
-2.008999999999999986e+01
-2.007999999999999829e+01
-2.005000000000000071e+01
-2.003999999999999915e+01
-2.001999999999999957e+01
-2.001000000000000156e+01
-2.001000000000000156e+01
-2.000000000000000000e+01
-1.998000000000000043e+01
-1.996000000000000085e+01
-1.994000000000000128e+01
-1.992999999999999972e+01
-1.989999999999999858e+01
-1.989999999999999858e+01
-1.987999999999999901e+01
-1.987999999999999901e+01
-1.987999999999999901e+01
-1.985000000000000142e+01
-1.980000000000000071e+01
-1.976999999999999957e+01
-1.976999999999999957e+01
-1.976000000000000156e+01
-1.973000000000000043e+01
-1.973999999999999844e+01
-1.973000000000000043e+01
-1.971999999999999886e+01
-1.971000000000000085e+01
-1.969999999999999929e+01
-1.966000000000000014e+01
-1.964999999999999858e+01
-1.964000000000000057e+01
-1.964000000000000057e+01
-1.960999999999999943e+01
-1.960999999999999943e+01
-1.958999999999999986e+01
-1.958999999999999986e+01
-1.957000000000000028e+01
-1.955999999999999872e+01
-1.955000000000000071e+01
-1.953999999999999915e+01
-1.953000000000000114e+01
-1.953000000000000114e+01
-1.951999999999999957e+01
-1.948999999999999844e+01
-1.950000000000000000e+01
-1.948000000000000043e+01
-1.948000000000000043e+01
-1.946000000000000085e+01
-1.944999999999999929e+01
-1.944999999999999929e+01
-1.942999999999999972e+01
-1.942999999999999972e+01
-1.941000000000000014e+01
-1.932999999999999829e+01
-1.932999999999999829e+01
-1.935000000000000142e+01
-1.935000000000000142e+01
-1.933999999999999986e+01
-1.933999999999999986e+01
-1.932999999999999829e+01
-1.930999999999999872e+01
-1.932000000000000028e+01
-1.928000000000000114e+01
-1.925000000000000000e+01
-1.923999999999999844e+01
-1.917000000000000171e+01
-1.916000000000000014e+01
-1.914999999999999858e+01
-1.916000000000000014e+01
-1.917999999999999972e+01
-1.916000000000000014e+01
-1.914000000000000057e+01
-1.910999999999999943e+01
-1.910000000000000142e+01
-1.910000000000000142e+01
-1.905999999999999872e+01
-1.905000000000000071e+01
-1.901000000000000156e+01
-1.896999999999999886e+01
-1.896000000000000085e+01
-1.894999999999999929e+01
-1.889999999999999858e+01
-1.889000000000000057e+01
-1.887999999999999901e+01
-1.885999999999999943e+01
-1.883999999999999986e+01
-1.885999999999999943e+01
-1.883999999999999986e+01
-1.880999999999999872e+01
-1.878000000000000114e+01
-1.876999999999999957e+01
-1.873000000000000043e+01
-1.871999999999999886e+01
-1.869999999999999929e+01
-1.867999999999999972e+01
-1.866000000000000014e+01
-1.864000000000000057e+01
-1.864000000000000057e+01
-1.862000000000000099e+01
-1.857000000000000028e+01
-1.857999999999999829e+01
-1.857999999999999829e+01
-1.855999999999999872e+01
-1.853999999999999915e+01
-1.853000000000000114e+01
-1.846000000000000085e+01
-1.837999999999999901e+01
-1.837000000000000099e+01
-1.830999999999999872e+01
-1.832000000000000028e+01
-1.830999999999999872e+01
-1.830999999999999872e+01
-1.830000000000000071e+01
-1.828000000000000114e+01
-1.830000000000000071e+01
-1.828000000000000114e+01
-1.826000000000000156e+01
-1.826999999999999957e+01
-1.826999999999999957e+01
-1.828000000000000114e+01
-1.826000000000000156e+01
-1.819999999999999929e+01
-1.823000000000000043e+01
-1.819999999999999929e+01
-1.819000000000000128e+01
-1.816000000000000014e+01
-1.814999999999999858e+01
-1.817000000000000171e+01
-1.817999999999999972e+01
-1.814000000000000057e+01
-1.812000000000000099e+01
-1.803000000000000114e+01
-1.805999999999999872e+01
-1.798000000000000043e+01
-1.796000000000000085e+01
-1.794999999999999929e+01
-1.789000000000000057e+01
-1.785000000000000142e+01
-1.782999999999999829e+01
-1.780000000000000071e+01
-1.778000000000000114e+01
-1.776000000000000156e+01
-1.776000000000000156e+01
-1.776999999999999957e+01
-1.771999999999999886e+01
-1.769999999999999929e+01
-1.767999999999999972e+01
-1.769000000000000128e+01
-1.769999999999999929e+01
-1.767999999999999972e+01
-1.766000000000000014e+01
-1.762999999999999901e+01
-1.764000000000000057e+01
-1.766000000000000014e+01
-1.762999999999999901e+01
-1.757000000000000028e+01
-1.755999999999999872e+01
-1.753000000000000114e+01
-1.748000000000000043e+01
-1.742000000000000171e+01
-1.742999999999999972e+01
-1.735999999999999943e+01
-1.739000000000000057e+01
-1.735999999999999943e+01
-1.733999999999999986e+01
-1.735999999999999943e+01
-1.735000000000000142e+01
-1.728999999999999915e+01
-1.728999999999999915e+01
-1.728999999999999915e+01
-1.728999999999999915e+01
-1.725000000000000000e+01
-1.721999999999999886e+01
-1.721000000000000085e+01
-1.714999999999999858e+01
-1.716000000000000014e+01
-1.717000000000000171e+01
-1.717999999999999972e+01
-1.721000000000000085e+01
-1.719999999999999929e+01
-1.719000000000000128e+01
-1.717999999999999972e+01
-1.710999999999999943e+01
-1.708999999999999986e+01
-1.705000000000000071e+01
-1.701000000000000156e+01
-1.692000000000000171e+01
-1.692999999999999972e+01
-1.692000000000000171e+01
-1.680000000000000071e+01
-1.675000000000000000e+01
-1.671000000000000085e+01
-1.673000000000000043e+01
-1.673999999999999844e+01
-1.671999999999999886e+01
-1.673999999999999844e+01
-1.671000000000000085e+01
-1.673999999999999844e+01
-1.673000000000000043e+01
-1.676999999999999957e+01
-1.671000000000000085e+01
-1.666000000000000014e+01
-1.662999999999999901e+01
-1.658999999999999986e+01
-1.657000000000000028e+01
-1.658999999999999986e+01
-1.662000000000000099e+01
-1.655999999999999872e+01
-1.660000000000000142e+01
-1.658999999999999986e+01
-1.651999999999999957e+01
-1.642999999999999972e+01
-1.642000000000000171e+01
-1.635000000000000142e+01
-1.628999999999999915e+01
-1.626999999999999957e+01
-1.619999999999999929e+01
-1.612000000000000099e+01
-1.607999999999999829e+01
-1.603999999999999915e+01
-1.598000000000000043e+01
-1.599000000000000021e+01
-1.594999999999999929e+01
-1.590000000000000036e+01
-1.581000000000000050e+01
-1.573000000000000043e+01
-1.568999999999999950e+01
-1.566999999999999993e+01
-1.558999999999999986e+01
-1.559999999999999964e+01
-1.557000000000000028e+01
-1.556000000000000050e+01
-1.553999999999999915e+01
-1.553999999999999915e+01
-1.551999999999999957e+01
-1.546000000000000085e+01
-1.546000000000000085e+01
-1.547000000000000064e+01
-1.542999999999999972e+01
-1.541999999999999993e+01
-1.538000000000000078e+01
-1.531000000000000050e+01
-1.526999999999999957e+01
-1.524000000000000021e+01
-1.522000000000000064e+01
-1.514000000000000057e+01
-1.508999999999999986e+01
-1.507000000000000028e+01
-1.499000000000000021e+01
-1.497000000000000064e+01
-1.494999999999999929e+01
-1.490000000000000036e+01
-1.485999999999999943e+01
-1.485999999999999943e+01
-1.482000000000000028e+01
-1.483999999999999986e+01
-1.477999999999999936e+01
-1.468999999999999950e+01
-1.463000000000000078e+01
-1.459999999999999964e+01
-1.450000000000000000e+01
-1.453999999999999915e+01
-1.444999999999999929e+01
-1.438000000000000078e+01
-1.438000000000000078e+01
-1.441000000000000014e+01
-1.434999999999999964e+01
-1.436999999999999922e+01
-1.434999999999999964e+01
-1.423000000000000043e+01
-1.422000000000000064e+01
-1.423000000000000043e+01
-1.425000000000000000e+01
-1.421000000000000085e+01
-1.416999999999999993e+01
-1.415000000000000036e+01
-1.411999999999999922e+01
-1.409999999999999964e+01
-1.406000000000000050e+01
-1.398000000000000043e+01
-1.393999999999999950e+01
-1.393999999999999950e+01
-1.400999999999999979e+01
-1.400000000000000000e+01
-1.400000000000000000e+01
-1.403999999999999915e+01
-1.411999999999999922e+01
-1.411999999999999922e+01
-1.408999999999999986e+01
-1.414000000000000057e+01
-1.416000000000000014e+01
-1.416999999999999993e+01
-1.411999999999999922e+01
-1.410999999999999943e+01
-1.407000000000000028e+01
-1.400000000000000000e+01
-1.396000000000000085e+01
-1.388000000000000078e+01
-1.384999999999999964e+01
-1.376999999999999957e+01
-1.380000000000000071e+01
-1.375999999999999979e+01
-1.374000000000000021e+01
-1.374000000000000021e+01
-1.375000000000000000e+01
-1.373000000000000043e+01
-1.368999999999999950e+01
-1.374000000000000021e+01
-1.366000000000000014e+01
-1.360999999999999943e+01
-1.358000000000000007e+01
-1.359999999999999964e+01
-1.359999999999999964e+01
-1.364000000000000057e+01
-1.363000000000000078e+01
-1.350000000000000000e+01
-1.350999999999999979e+01
-1.347000000000000064e+01
-1.348000000000000043e+01
-1.346000000000000085e+01
-1.339000000000000057e+01
-1.333999999999999986e+01
-1.333000000000000007e+01
-1.331000000000000050e+01
-1.334999999999999964e+01
-1.333999999999999986e+01
-1.327999999999999936e+01
-1.308000000000000007e+01
-1.308999999999999986e+01
-1.305000000000000071e+01
-1.300999999999999979e+01
-1.300999999999999979e+01
-1.300999999999999979e+01
-1.302999999999999936e+01
-1.300999999999999979e+01
-1.299000000000000021e+01
-1.294999999999999929e+01
-1.286999999999999922e+01
-1.276999999999999957e+01
-1.276999999999999957e+01
-1.277999999999999936e+01
-1.286999999999999922e+01
-1.282000000000000028e+01
-1.275000000000000000e+01
-1.274000000000000021e+01
-1.273000000000000043e+01
-1.273000000000000043e+01
-1.266999999999999993e+01
-1.267999999999999972e+01
-1.265000000000000036e+01
-1.258000000000000007e+01
-1.255000000000000071e+01
-1.253999999999999915e+01
-1.252999999999999936e+01
-1.251999999999999957e+01
-1.249000000000000021e+01
-1.243999999999999950e+01
-1.249000000000000021e+01
-1.250000000000000000e+01
-1.248000000000000043e+01
-1.244999999999999929e+01
-1.231000000000000050e+01
-1.225000000000000000e+01
-1.225999999999999979e+01
-1.215000000000000036e+01
-1.210999999999999943e+01
-1.209999999999999964e+01
-1.201999999999999957e+01
-1.191999999999999993e+01
-1.200000000000000000e+01
-1.191000000000000014e+01
-1.183000000000000007e+01
-1.171000000000000085e+01
-1.166000000000000014e+01
-1.166000000000000014e+01
-1.166999999999999993e+01
-1.160999999999999943e+01
-1.163000000000000078e+01
-1.158999999999999986e+01
-1.166000000000000014e+01
-1.156000000000000050e+01
-1.158000000000000007e+01
-1.147000000000000064e+01
-1.140000000000000036e+01
-1.133999999999999986e+01
-1.132000000000000028e+01
-1.121000000000000085e+01
-1.117999999999999972e+01
-1.103999999999999915e+01
-1.106000000000000050e+01
-1.108000000000000007e+01
-1.108999999999999986e+01
-1.106000000000000050e+01
-1.097000000000000064e+01
-1.096000000000000085e+01
-1.092999999999999972e+01
-1.090000000000000036e+01
-1.090000000000000036e+01
-1.078999999999999915e+01
-1.076999999999999957e+01
-1.076999999999999957e+01
-1.078999999999999915e+01
-1.081000000000000050e+01
-1.080000000000000071e+01
-1.075000000000000000e+01
-1.066000000000000014e+01
-1.068999999999999950e+01
-1.055000000000000071e+01
-1.056000000000000050e+01
-1.061999999999999922e+01
-1.061999999999999922e+01
-1.060999999999999943e+01
-1.051999999999999957e+01
-1.043999999999999950e+01
-1.033000000000000007e+01
-1.046000000000000085e+01
-1.044999999999999929e+01
-1.050000000000000000e+01
-1.041999999999999993e+01
-1.043999999999999950e+01
-1.041999999999999993e+01
-1.049000000000000021e+01
-1.039000000000000057e+01
-1.022000000000000064e+01
-1.017999999999999972e+01
-1.014000000000000057e+01
-1.008000000000000007e+01
-1.023000000000000043e+01
-1.025000000000000000e+01
-1.030000000000000071e+01
-1.019999999999999929e+01
-1.021000000000000085e+01
-1.009999999999999964e+01
-1.005000000000000071e+01
-1.001999999999999957e+01
-9.900000000000000355e+00
-9.910000000000000142e+00
-9.890000000000000568e+00
-1.001999999999999957e+01
-9.980000000000000426e+00
-9.900000000000000355e+00
-9.769999999999999574e+00
-9.789999999999999147e+00
-9.810000000000000497e+00
-9.699999999999999289e+00
-9.699999999999999289e+00
-9.710000000000000853e+00
-9.660000000000000142e+00
-9.599999999999999645e+00
-9.509999999999999787e+00
-9.410000000000000142e+00
-9.349999999999999645e+00
-9.330000000000000071e+00
-9.169999999999999929e+00
-9.109999999999999432e+00
-8.919999999999999929e+00
-8.869999999999999218e+00
-8.779999999999999361e+00
-8.730000000000000426e+00
-8.740000000000000213e+00
-8.769999999999999574e+00
-8.750000000000000000e+00
-8.750000000000000000e+00
-8.750000000000000000e+00
-8.769999999999999574e+00
-8.689999999999999503e+00
-8.679999999999999716e+00
-8.740000000000000213e+00
-8.759999999999999787e+00
-8.679999999999999716e+00
-8.619999999999999218e+00
-8.609999999999999432e+00
-8.720000000000000639e+00
-8.679999999999999716e+00
-8.669999999999999929e+00
-8.429999999999999716e+00
-8.279999999999999361e+00
-8.039999999999999147e+00
-7.940000000000000391e+00
-7.849999999999999645e+00
-7.910000000000000142e+00
-7.900000000000000355e+00
-7.839999999999999858e+00
-7.679999999999999716e+00
-7.700000000000000178e+00
-7.559999999999999609e+00
-7.589999999999999858e+00
-7.559999999999999609e+00
-7.580000000000000071e+00
-7.519999999999999574e+00
-7.429999999999999716e+00
-7.339999999999999858e+00
-7.179999999999999716e+00
-7.169999999999999929e+00
-7.099999999999999645e+00
-7.169999999999999929e+00
-7.030000000000000249e+00
-6.940000000000000391e+00
-6.929999999999999716e+00
-6.889999999999999680e+00
-6.799999999999999822e+00
-6.740000000000000213e+00
-6.660000000000000142e+00
-6.610000000000000320e+00
-6.379999999999999893e+00
-6.370000000000000107e+00
-6.120000000000000107e+00
-6.139999999999999680e+00
-6.129999999999999893e+00
-5.959999999999999964e+00
-5.959999999999999964e+00
-5.900000000000000355e+00
-5.740000000000000213e+00
-5.589999999999999858e+00
-5.490000000000000213e+00
-5.370000000000000107e+00
-5.299999999999999822e+00
-5.200000000000000178e+00
-5.080000000000000071e+00
-4.950000000000000178e+00
-5.009999999999999787e+00
-4.910000000000000142e+00
-4.820000000000000284e+00
-4.849999999999999645e+00
-4.910000000000000142e+00
-5.030000000000000249e+00
-4.889999999999999680e+00
-4.750000000000000000e+00
-4.709999999999999964e+00
-4.629999999999999893e+00
-4.750000000000000000e+00
-4.700000000000000178e+00
-4.780000000000000249e+00
-4.679999999999999716e+00
-4.530000000000000249e+00
-4.459999999999999964e+00
-4.419999999999999929e+00
-4.240000000000000213e+00
-4.169999999999999929e+00
-3.990000000000000213e+00
-3.810000000000000053e+00
-3.669999999999999929e+00
-3.600000000000000089e+00
-3.529999999999999805e+00
-3.430000000000000160e+00
-3.410000000000000142e+00
-3.240000000000000213e+00
-3.160000000000000142e+00
-3.080000000000000071e+00
-3.089999999999999858e+00
-3.049999999999999822e+00
-3.069999999999999840e+00
-3.000000000000000000e+00
-3.009999999999999787e+00
-2.859999999999999876e+00
-2.970000000000000195e+00
-3.060000000000000053e+00
-2.950000000000000178e+00
-2.939999999999999947e+00
-2.859999999999999876e+00
-2.830000000000000071e+00
-2.959999999999999964e+00
-3.049999999999999822e+00
-2.919999999999999929e+00
-2.890000000000000124e+00
-2.810000000000000053e+00
-2.649999999999999911e+00
-2.479999999999999982e+00
-2.250000000000000000e+00
-2.240000000000000213e+00
-2.250000000000000000e+00
-2.290000000000000036e+00
-2.069999999999999840e+00
-2.100000000000000089e+00
-2.089999999999999858e+00
-2.069999999999999840e+00
-2.000000000000000000e+00
-2.140000000000000124e+00
-2.120000000000000107e+00
-2.069999999999999840e+00
-2.060000000000000053e+00
-2.040000000000000036e+00
-1.959999999999999964e+00
-2.000000000000000000e+00
-1.929999999999999938e+00
-1.929999999999999938e+00
-1.750000000000000000e+00
-1.659999999999999920e+00
-1.689999999999999947e+00
-1.620000000000000107e+00
-1.590000000000000080e+00
-1.560000000000000053e+00
-1.669999999999999929e+00
-1.600000000000000089e+00
-1.669999999999999929e+00
-1.479999999999999982e+00
-1.600000000000000089e+00
-1.610000000000000098e+00
-1.560000000000000053e+00
-1.550000000000000044e+00
-1.500000000000000000e+00
-1.449999999999999956e+00
-1.449999999999999956e+00
-1.449999999999999956e+00
-1.489999999999999991e+00
-1.429999999999999938e+00
-1.610000000000000098e+00
-1.429999999999999938e+00
-1.290000000000000036e+00
-1.389999999999999902e+00
-1.189999999999999947e+00
-1.090000000000000080e+00
-1.139999999999999902e+00
-1.290000000000000036e+00
-1.270000000000000018e+00
-1.169999999999999929e+00
-1.070000000000000062e+00
-1.110000000000000098e+00
-1.159999999999999920e+00
-1.169999999999999929e+00
-1.000000000000000000e+00
-1.010000000000000009e+00
-1.020000000000000018e+00
-9.100000000000000311e-01
-8.399999999999999689e-01
-6.999999999999999556e-01
-7.900000000000000355e-01
-9.399999999999999467e-01
-8.800000000000000044e-01
-8.299999999999999600e-01
-7.399999999999999911e-01
-5.799999999999999600e-01
-3.599999999999999867e-01
-4.199999999999999845e-01
-4.299999999999999933e-01
-4.799999999999999822e-01
-5.600000000000000533e-01
-6.600000000000000311e-01
-6.300000000000000044e-01
-7.600000000000000089e-01
-8.499999999999999778e-01
-8.900000000000000133e-01
-7.800000000000000266e-01
-6.300000000000000044e-01
-8.000000000000000444e-01
-6.600000000000000311e-01
-6.300000000000000044e-01
-6.999999999999999556e-01
-6.999999999999999556e-01
-6.099999999999999867e-01
-7.199999999999999734e-01
-5.999999999999999778e-01
-4.099999999999999756e-01
-5.000000000000000000e-01
-6.300000000000000044e-01
-5.899999999999999689e-01
-5.400000000000000355e-01
-6.300000000000000044e-01
-6.600000000000000311e-01
-6.199999999999999956e-01
-4.500000000000000111e-01
-3.200000000000000067e-01
-8.000000000000000167e-02
-2.200000000000000011e-01
-7.000000000000000666e-02
-1.000000000000000021e-02
2.000000000000000042e-02
1.100000000000000006e-01
4.000000000000000083e-02
1.400000000000000133e-01
1.900000000000000022e-01
3.300000000000000155e-01
3.800000000000000044e-01
4.299999999999999933e-01
5.699999999999999512e-01
4.199999999999999845e-01
2.700000000000000178e-01
2.800000000000000266e-01
2.600000000000000089e-01
1.600000000000000033e-01
2.600000000000000089e-01
3.400000000000000244e-01
3.300000000000000155e-01
2.899999999999999800e-01
1.900000000000000022e-01
1.400000000000000133e-01
-4.000000000000000083e-02
4.000000000000000083e-02
1.499999999999999944e-01
2.200000000000000011e-01
3.200000000000000067e-01
3.200000000000000067e-01
4.299999999999999933e-01
5.000000000000000000e-01
6.700000000000000400e-01
7.099999999999999645e-01
7.199999999999999734e-01
7.299999999999999822e-01
6.800000000000000488e-01
6.500000000000000222e-01
6.999999999999999556e-01
7.800000000000000266e-01
8.199999999999999512e-01
1.020000000000000018e+00
7.900000000000000355e-01
7.900000000000000355e-01
7.500000000000000000e-01
6.199999999999999956e-01
5.999999999999999778e-01
8.000000000000000444e-01
6.500000000000000222e-01
6.199999999999999956e-01
4.799999999999999822e-01
5.100000000000000089e-01
4.899999999999999911e-01
5.200000000000000178e-01
2.899999999999999800e-01
2.500000000000000000e-01
2.700000000000000178e-01
3.599999999999999867e-01
1.700000000000000122e-01
1.799999999999999933e-01
2.700000000000000178e-01
1.600000000000000033e-01
2.700000000000000178e-01
3.099999999999999978e-01
3.900000000000000133e-01
5.899999999999999689e-01
6.400000000000000133e-01
6.400000000000000133e-01
6.600000000000000311e-01
6.500000000000000222e-01
5.000000000000000000e-01
6.600000000000000311e-01
5.899999999999999689e-01
5.699999999999999512e-01
5.699999999999999512e-01
5.699999999999999512e-01
7.199999999999999734e-01
8.699999999999999956e-01
8.599999999999999867e-01
8.599999999999999867e-01
6.300000000000000044e-01
4.500000000000000111e-01
6.600000000000000311e-01
5.899999999999999689e-01
6.199999999999999956e-01
6.099999999999999867e-01
6.999999999999999556e-01
7.099999999999999645e-01
7.700000000000000178e-01
6.800000000000000488e-01
5.300000000000000266e-01
5.300000000000000266e-01
5.600000000000000533e-01
6.600000000000000311e-01
6.899999999999999467e-01
6.400000000000000133e-01
8.699999999999999956e-01
7.600000000000000089e-01
7.399999999999999911e-01
6.999999999999999556e-01
5.600000000000000533e-01
8.100000000000000533e-01
7.800000000000000266e-01
7.500000000000000000e-01
7.399999999999999911e-01
5.400000000000000355e-01
5.999999999999999778e-01
6.800000000000000488e-01
6.300000000000000044e-01
7.099999999999999645e-01
6.600000000000000311e-01
6.800000000000000488e-01
6.700000000000000400e-01
6.899999999999999467e-01
8.499999999999999778e-01
9.399999999999999467e-01
1.040000000000000036e+00
1.239999999999999991e+00
1.350000000000000089e+00
1.449999999999999956e+00
1.350000000000000089e+00
1.330000000000000071e+00
1.510000000000000009e+00
1.560000000000000053e+00
1.610000000000000098e+00
1.590000000000000080e+00
1.600000000000000089e+00
1.590000000000000080e+00
1.669999999999999929e+00
1.639999999999999902e+00
1.510000000000000009e+00
1.489999999999999991e+00
1.419999999999999929e+00
1.340000000000000080e+00
1.389999999999999902e+00
1.500000000000000000e+00
1.429999999999999938e+00
1.489999999999999991e+00
1.550000000000000044e+00
1.550000000000000044e+00
1.520000000000000018e+00
1.360000000000000098e+00
1.530000000000000027e+00
1.600000000000000089e+00
1.870000000000000107e+00
1.719999999999999973e+00
1.649999999999999911e+00
1.699999999999999956e+00
1.810000000000000053e+00
1.800000000000000044e+00
1.979999999999999982e+00
2.060000000000000053e+00
2.049999999999999822e+00
2.060000000000000053e+00
2.290000000000000036e+00
2.370000000000000107e+00
2.370000000000000107e+00
2.390000000000000124e+00
2.580000000000000071e+00
2.799999999999999822e+00
2.680000000000000160e+00
2.629999999999999893e+00
2.709999999999999964e+00
2.649999999999999911e+00
2.609999999999999876e+00
2.540000000000000036e+00
2.709999999999999964e+00
2.790000000000000036e+00
2.830000000000000071e+00
2.839999999999999858e+00
2.810000000000000053e+00
2.640000000000000124e+00
2.810000000000000053e+00
2.930000000000000160e+00
3.189999999999999947e+00
3.120000000000000107e+00
3.140000000000000124e+00
3.040000000000000036e+00
3.040000000000000036e+00
3.029999999999999805e+00
3.350000000000000089e+00
3.379999999999999893e+00
3.339999999999999858e+00
3.290000000000000036e+00
3.169999999999999929e+00
3.359999999999999876e+00
3.279999999999999805e+00
3.149999999999999911e+00
3.060000000000000053e+00
3.020000000000000018e+00
3.000000000000000000e+00
2.950000000000000178e+00
2.959999999999999964e+00
2.930000000000000160e+00
2.990000000000000213e+00
3.089999999999999858e+00
2.879999999999999893e+00
3.100000000000000089e+00
3.140000000000000124e+00
3.259999999999999787e+00
3.319999999999999840e+00
3.200000000000000178e+00
3.259999999999999787e+00
3.200000000000000178e+00
3.169999999999999929e+00
3.149999999999999911e+00
3.100000000000000089e+00
2.950000000000000178e+00
3.009999999999999787e+00
2.890000000000000124e+00
2.870000000000000107e+00
3.049999999999999822e+00
3.109999999999999876e+00
3.229999999999999982e+00
3.209999999999999964e+00
3.270000000000000018e+00
3.160000000000000142e+00
3.120000000000000107e+00
3.000000000000000000e+00
3.009999999999999787e+00
3.140000000000000124e+00
3.100000000000000089e+00
3.160000000000000142e+00
3.209999999999999964e+00
3.350000000000000089e+00
3.390000000000000124e+00
3.370000000000000107e+00
3.419999999999999929e+00
3.430000000000000160e+00
3.540000000000000036e+00
3.740000000000000213e+00
3.689999999999999947e+00
3.729999999999999982e+00
3.810000000000000053e+00
3.830000000000000071e+00
3.779999999999999805e+00
3.859999999999999876e+00
3.919999999999999929e+00
3.899999999999999911e+00
3.970000000000000195e+00
4.129999999999999893e+00
4.160000000000000142e+00
4.219999999999999751e+00
4.169999999999999929e+00
4.099999999999999645e+00
4.190000000000000391e+00
4.280000000000000249e+00
4.200000000000000178e+00
4.209999999999999964e+00
4.290000000000000036e+00
4.320000000000000284e+00
4.400000000000000355e+00
4.490000000000000213e+00
4.480000000000000426e+00
4.459999999999999964e+00
4.490000000000000213e+00
4.419999999999999929e+00
4.389999999999999680e+00
4.320000000000000284e+00
4.250000000000000000e+00
4.349999999999999645e+00
4.419999999999999929e+00
4.339999999999999858e+00
4.480000000000000426e+00
4.519999999999999574e+00
4.629999999999999893e+00
4.299999999999999822e+00
4.370000000000000107e+00
4.500000000000000000e+00
4.469999999999999751e+00
4.549999999999999822e+00
4.669999999999999929e+00
4.589999999999999858e+00
4.490000000000000213e+00
4.500000000000000000e+00
4.679999999999999716e+00
4.679999999999999716e+00
4.679999999999999716e+00
4.769999999999999574e+00
4.669999999999999929e+00
4.429999999999999716e+00
4.410000000000000142e+00
4.480000000000000426e+00
4.480000000000000426e+00
4.559999999999999609e+00
4.589999999999999858e+00
4.580000000000000071e+00
4.700000000000000178e+00
4.870000000000000107e+00
5.009999999999999787e+00
5.230000000000000426e+00
5.379999999999999893e+00
5.580000000000000071e+00
5.639999999999999680e+00
5.700000000000000178e+00
5.730000000000000426e+00
5.879999999999999893e+00
5.910000000000000142e+00
5.769999999999999574e+00
5.639999999999999680e+00
5.599999999999999645e+00
5.389999999999999680e+00
5.139999999999999680e+00
5.110000000000000320e+00
5.080000000000000071e+00
5.339999999999999858e+00
5.240000000000000213e+00
5.339999999999999858e+00
5.360000000000000320e+00
5.320000000000000284e+00
5.349999999999999645e+00
5.139999999999999680e+00
5.110000000000000320e+00
5.049999999999999822e+00
5.059999999999999609e+00
5.110000000000000320e+00
5.250000000000000000e+00
5.309999999999999609e+00
5.400000000000000355e+00
5.480000000000000426e+00
5.500000000000000000e+00
5.719999999999999751e+00
5.780000000000000249e+00
5.900000000000000355e+00
5.959999999999999964e+00
6.040000000000000036e+00
6.169999999999999929e+00
6.030000000000000249e+00
5.919999999999999929e+00
5.980000000000000426e+00
5.969999999999999751e+00
6.049999999999999822e+00
5.900000000000000355e+00
5.929999999999999716e+00
5.879999999999999893e+00
5.959999999999999964e+00
5.980000000000000426e+00
6.030000000000000249e+00
5.990000000000000213e+00
5.870000000000000107e+00
5.830000000000000071e+00
5.929999999999999716e+00
6.000000000000000000e+00
6.019999999999999574e+00
6.030000000000000249e+00
6.150000000000000355e+00
6.230000000000000426e+00
6.099999999999999645e+00
5.929999999999999716e+00
5.830000000000000071e+00
5.879999999999999893e+00
5.889999999999999680e+00
5.830000000000000071e+00
5.830000000000000071e+00
5.870000000000000107e+00
6.019999999999999574e+00
6.030000000000000249e+00
6.120000000000000107e+00
6.160000000000000142e+00
6.110000000000000320e+00
6.089999999999999858e+00
6.129999999999999893e+00
6.110000000000000320e+00
6.049999999999999822e+00
6.000000000000000000e+00
6.080000000000000071e+00
6.370000000000000107e+00
6.269999999999999574e+00
6.330000000000000071e+00
6.299999999999999822e+00
6.459999999999999964e+00
6.419999999999999929e+00
6.519999999999999574e+00
6.459999999999999964e+00
6.379999999999999893e+00
6.209999999999999964e+00
6.309999999999999609e+00
6.459999999999999964e+00
6.459999999999999964e+00
6.679999999999999716e+00
6.929999999999999716e+00
7.129999999999999893e+00
7.070000000000000284e+00
7.179999999999999716e+00
7.219999999999999751e+00
7.179999999999999716e+00
7.209999999999999964e+00
7.280000000000000249e+00
7.309999999999999609e+00
7.349999999999999645e+00
7.089999999999999858e+00
7.120000000000000107e+00
7.099999999999999645e+00
7.059999999999999609e+00
7.139999999999999680e+00
7.230000000000000426e+00
7.290000000000000036e+00
7.250000000000000000e+00
7.349999999999999645e+00
7.540000000000000036e+00
7.589999999999999858e+00
7.889999999999999680e+00
8.160000000000000142e+00
8.250000000000000000e+00
8.269999999999999574e+00
8.080000000000000071e+00
8.199999999999999289e+00
8.210000000000000853e+00
8.210000000000000853e+00
8.359999999999999432e+00
8.310000000000000497e+00
8.509999999999999787e+00
8.500000000000000000e+00
8.570000000000000284e+00
8.519999999999999574e+00
8.480000000000000426e+00
8.509999999999999787e+00
8.300000000000000711e+00
8.339999999999999858e+00
8.349999999999999645e+00
8.160000000000000142e+00
8.140000000000000568e+00
7.950000000000000178e+00
7.959999999999999964e+00
7.809999999999999609e+00
7.759999999999999787e+00
7.719999999999999751e+00
7.849999999999999645e+00
7.860000000000000320e+00
7.849999999999999645e+00
7.940000000000000391e+00
7.990000000000000213e+00
8.179999999999999716e+00
8.189999999999999503e+00
8.250000000000000000e+00
8.230000000000000426e+00
8.380000000000000782e+00
8.349999999999999645e+00
8.250000000000000000e+00
8.259999999999999787e+00
8.289999999999999147e+00
8.310000000000000497e+00
8.269999999999999574e+00
8.169999999999999929e+00
8.150000000000000355e+00
8.089999999999999858e+00
8.019999999999999574e+00
8.210000000000000853e+00
8.490000000000000213e+00
8.529999999999999361e+00
8.460000000000000853e+00
8.460000000000000853e+00
8.460000000000000853e+00
8.539999999999999147e+00
8.589999999999999858e+00
8.390000000000000568e+00
8.529999999999999361e+00
8.330000000000000071e+00
8.320000000000000284e+00
8.349999999999999645e+00
8.419999999999999929e+00
8.339999999999999858e+00
8.460000000000000853e+00
8.509999999999999787e+00
8.609999999999999432e+00
8.500000000000000000e+00
8.419999999999999929e+00
8.550000000000000711e+00
8.480000000000000426e+00
8.490000000000000213e+00
8.500000000000000000e+00
8.509999999999999787e+00
8.210000000000000853e+00
8.179999999999999716e+00
8.169999999999999929e+00
8.339999999999999858e+00
8.230000000000000426e+00
8.169999999999999929e+00
8.169999999999999929e+00
8.039999999999999147e+00
7.980000000000000426e+00
7.950000000000000178e+00
7.940000000000000391e+00
8.009999999999999787e+00
7.950000000000000178e+00
7.860000000000000320e+00
7.950000000000000178e+00
7.849999999999999645e+00
7.709999999999999964e+00
7.700000000000000178e+00
7.969999999999999751e+00
7.889999999999999680e+00
7.740000000000000213e+00
7.750000000000000000e+00
7.700000000000000178e+00
7.700000000000000178e+00
7.629999999999999893e+00
7.639999999999999680e+00
7.679999999999999716e+00
7.730000000000000426e+00
7.679999999999999716e+00
7.700000000000000178e+00
7.719999999999999751e+00
7.799999999999999822e+00
7.919999999999999929e+00
8.089999999999999858e+00
8.080000000000000071e+00
8.099999999999999645e+00
8.140000000000000568e+00
8.130000000000000782e+00
8.029999999999999361e+00
8.039999999999999147e+00
8.080000000000000071e+00
8.070000000000000284e+00
8.109999999999999432e+00
8.000000000000000000e+00
7.860000000000000320e+00
8.169999999999999929e+00
8.070000000000000284e+00
7.919999999999999929e+00
8.169999999999999929e+00
8.000000000000000000e+00
8.220000000000000639e+00
8.140000000000000568e+00
8.240000000000000213e+00
8.150000000000000355e+00
8.070000000000000284e+00
7.919999999999999929e+00
8.029999999999999361e+00
8.039999999999999147e+00
7.750000000000000000e+00
7.650000000000000355e+00
7.650000000000000355e+00
7.610000000000000320e+00
7.740000000000000213e+00
7.730000000000000426e+00
7.679999999999999716e+00
7.690000000000000391e+00
7.860000000000000320e+00
7.940000000000000391e+00
7.969999999999999751e+00
8.039999999999999147e+00
8.140000000000000568e+00
8.369999999999999218e+00
8.400000000000000355e+00
8.529999999999999361e+00
8.560000000000000497e+00
8.580000000000000071e+00
8.410000000000000142e+00
8.480000000000000426e+00
8.509999999999999787e+00
8.519999999999999574e+00
8.490000000000000213e+00
8.359999999999999432e+00
8.349999999999999645e+00
8.289999999999999147e+00
8.279999999999999361e+00
8.500000000000000000e+00
8.470000000000000639e+00
8.539999999999999147e+00
8.599999999999999645e+00
8.660000000000000142e+00
8.460000000000000853e+00
8.480000000000000426e+00
8.439999999999999503e+00
8.480000000000000426e+00
8.490000000000000213e+00
8.410000000000000142e+00
8.330000000000000071e+00
8.410000000000000142e+00
8.289999999999999147e+00
8.410000000000000142e+00
8.669999999999999929e+00
8.910000000000000142e+00
8.949999999999999289e+00
8.849999999999999645e+00
8.750000000000000000e+00
8.859999999999999432e+00
8.910000000000000142e+00
8.869999999999999218e+00
8.919999999999999929e+00
8.869999999999999218e+00
8.859999999999999432e+00
8.800000000000000711e+00
8.919999999999999929e+00
9.039999999999999147e+00
9.070000000000000284e+00
9.150000000000000355e+00
9.289999999999999147e+00
9.310000000000000497e+00
9.240000000000000213e+00
9.179999999999999716e+00
9.289999999999999147e+00
9.289999999999999147e+00
9.349999999999999645e+00
9.160000000000000142e+00
9.130000000000000782e+00
9.080000000000000071e+00
9.089999999999999858e+00
9.070000000000000284e+00
9.160000000000000142e+00
9.150000000000000355e+00
9.109999999999999432e+00
9.060000000000000497e+00
8.869999999999999218e+00
8.890000000000000568e+00
8.970000000000000639e+00
9.050000000000000711e+00
9.119999999999999218e+00
9.019999999999999574e+00
9.250000000000000000e+00
9.150000000000000355e+00
9.089999999999999858e+00
9.070000000000000284e+00
9.039999999999999147e+00
9.119999999999999218e+00
9.150000000000000355e+00
9.019999999999999574e+00
9.050000000000000711e+00
9.199999999999999289e+00
9.179999999999999716e+00
9.349999999999999645e+00
9.240000000000000213e+00
9.150000000000000355e+00
9.210000000000000853e+00
9.279999999999999361e+00
9.250000000000000000e+00
9.390000000000000568e+00
9.380000000000000782e+00
9.439999999999999503e+00
9.699999999999999289e+00
9.789999999999999147e+00
9.839999999999999858e+00
9.890000000000000568e+00
9.919999999999999929e+00
9.929999999999999716e+00
1.002999999999999936e+01
1.000000000000000000e+01
1.008000000000000007e+01
1.001999999999999957e+01
1.007000000000000028e+01
1.007000000000000028e+01
9.919999999999999929e+00
9.869999999999999218e+00
9.779999999999999361e+00
9.839999999999999858e+00
9.890000000000000568e+00
9.849999999999999645e+00
9.929999999999999716e+00
9.990000000000000213e+00
9.929999999999999716e+00
9.910000000000000142e+00
1.002999999999999936e+01
1.006000000000000050e+01
9.960000000000000853e+00
1.018999999999999950e+01
1.016000000000000014e+01
1.003999999999999915e+01
1.021000000000000085e+01
1.010999999999999943e+01
1.002999999999999936e+01
1.001999999999999957e+01
1.023000000000000043e+01
1.010999999999999943e+01
1.016000000000000014e+01
1.014000000000000057e+01
1.013000000000000078e+01
1.021000000000000085e+01
1.001999999999999957e+01
1.000999999999999979e+01
1.000999999999999979e+01
9.880000000000000782e+00
9.789999999999999147e+00
9.539999999999999147e+00
9.509999999999999787e+00
9.529999999999999361e+00
9.529999999999999361e+00
9.490000000000000213e+00
9.429999999999999716e+00
9.380000000000000782e+00
9.240000000000000213e+00
9.210000000000000853e+00
9.279999999999999361e+00
9.330000000000000071e+00
9.179999999999999716e+00
8.919999999999999929e+00
8.880000000000000782e+00
8.900000000000000355e+00
8.820000000000000284e+00
8.849999999999999645e+00
8.789999999999999147e+00
8.939999999999999503e+00
8.939999999999999503e+00
8.869999999999999218e+00
8.759999999999999787e+00
8.919999999999999929e+00
8.759999999999999787e+00
8.779999999999999361e+00
8.720000000000000639e+00
8.609999999999999432e+00
8.660000000000000142e+00
8.570000000000000284e+00
8.529999999999999361e+00
8.599999999999999645e+00
8.750000000000000000e+00
8.750000000000000000e+00
8.580000000000000071e+00
8.330000000000000071e+00
8.220000000000000639e+00
8.359999999999999432e+00
8.269999999999999574e+00
8.310000000000000497e+00
8.330000000000000071e+00
8.279999999999999361e+00
8.330000000000000071e+00
8.410000000000000142e+00
8.529999999999999361e+00
8.480000000000000426e+00
8.400000000000000355e+00
8.449999999999999289e+00
8.349999999999999645e+00
8.279999999999999361e+00
8.339999999999999858e+00
8.500000000000000000e+00
8.269999999999999574e+00
8.339999999999999858e+00
8.439999999999999503e+00
8.490000000000000213e+00
8.429999999999999716e+00
8.429999999999999716e+00
8.349999999999999645e+00
8.400000000000000355e+00
8.310000000000000497e+00
8.230000000000000426e+00
8.140000000000000568e+00
8.119999999999999218e+00
8.080000000000000071e+00
8.019999999999999574e+00
8.009999999999999787e+00
8.029999999999999361e+00
7.929999999999999716e+00
7.860000000000000320e+00
7.929999999999999716e+00
7.830000000000000071e+00
7.919999999999999929e+00
7.679999999999999716e+00
7.719999999999999751e+00
7.790000000000000036e+00
7.740000000000000213e+00
7.740000000000000213e+00
7.839999999999999858e+00
7.860000000000000320e+00
7.740000000000000213e+00
7.780000000000000249e+00
7.879999999999999893e+00
7.790000000000000036e+00
7.820000000000000284e+00
7.940000000000000391e+00
7.879999999999999893e+00
7.879999999999999893e+00
7.860000000000000320e+00
7.889999999999999680e+00
7.830000000000000071e+00
7.900000000000000355e+00
7.910000000000000142e+00
7.980000000000000426e+00
8.039999999999999147e+00
7.959999999999999964e+00
8.029999999999999361e+00
8.000000000000000000e+00
8.070000000000000284e+00
8.169999999999999929e+00
8.289999999999999147e+00
8.439999999999999503e+00
8.529999999999999361e+00
8.589999999999999858e+00
8.759999999999999787e+00
8.630000000000000782e+00
8.439999999999999503e+00
8.599999999999999645e+00
8.679999999999999716e+00
8.660000000000000142e+00
8.550000000000000711e+00
8.529999999999999361e+00
8.689999999999999503e+00
8.759999999999999787e+00
8.689999999999999503e+00
8.580000000000000071e+00
8.619999999999999218e+00
8.419999999999999929e+00
8.300000000000000711e+00
8.279999999999999361e+00
8.179999999999999716e+00
8.310000000000000497e+00
8.359999999999999432e+00
8.380000000000000782e+00
8.560000000000000497e+00
8.609999999999999432e+00
8.560000000000000497e+00
8.539999999999999147e+00
8.500000000000000000e+00
8.480000000000000426e+00
8.560000000000000497e+00
8.560000000000000497e+00
8.439999999999999503e+00
8.419999999999999929e+00
8.490000000000000213e+00
8.589999999999999858e+00
8.650000000000000355e+00
8.529999999999999361e+00
8.519999999999999574e+00
8.529999999999999361e+00
8.519999999999999574e+00
8.660000000000000142e+00
8.630000000000000782e+00
8.640000000000000568e+00
8.630000000000000782e+00
8.779999999999999361e+00
8.949999999999999289e+00
8.960000000000000853e+00
9.000000000000000000e+00
9.099999999999999645e+00
9.119999999999999218e+00
9.070000000000000284e+00
9.310000000000000497e+00
9.250000000000000000e+00
9.119999999999999218e+00
9.099999999999999645e+00
9.119999999999999218e+00
9.099999999999999645e+00
9.119999999999999218e+00
8.960000000000000853e+00
9.050000000000000711e+00
9.060000000000000497e+00
9.130000000000000782e+00
9.150000000000000355e+00
9.099999999999999645e+00
9.269999999999999574e+00
9.179999999999999716e+00
9.240000000000000213e+00
9.210000000000000853e+00
9.220000000000000639e+00
9.259999999999999787e+00
9.349999999999999645e+00
9.369999999999999218e+00
9.570000000000000284e+00
9.519999999999999574e+00
9.410000000000000142e+00
9.460000000000000853e+00
9.500000000000000000e+00
9.490000000000000213e+00
9.529999999999999361e+00
9.640000000000000568e+00
9.679999999999999716e+00
9.710000000000000853e+00
9.750000000000000000e+00
9.789999999999999147e+00
9.779999999999999361e+00
9.730000000000000426e+00
9.869999999999999218e+00
9.849999999999999645e+00
9.890000000000000568e+00
9.939999999999999503e+00
1.001999999999999957e+01
1.001999999999999957e+01
9.939999999999999503e+00
9.960000000000000853e+00
9.970000000000000639e+00
1.018999999999999950e+01
1.025000000000000000e+01
1.019999999999999929e+01
1.019999999999999929e+01
1.019999999999999929e+01
1.028999999999999915e+01
1.028999999999999915e+01
1.033999999999999986e+01
1.025999999999999979e+01
1.032000000000000028e+01
1.044999999999999929e+01
1.046000000000000085e+01
1.049000000000000021e+01
1.059999999999999964e+01
1.071000000000000085e+01
1.068999999999999950e+01
1.073000000000000043e+01
1.067999999999999972e+01
1.073000000000000043e+01
1.081000000000000050e+01
1.083000000000000007e+01
1.091000000000000014e+01
1.116999999999999993e+01
1.131000000000000050e+01
1.142999999999999972e+01
1.132000000000000028e+01
1.125000000000000000e+01
1.113000000000000078e+01
1.121000000000000085e+01
1.116000000000000014e+01
1.116000000000000014e+01
1.131000000000000050e+01
1.127999999999999936e+01
1.131000000000000050e+01
1.121000000000000085e+01
1.108000000000000007e+01
1.116000000000000014e+01
1.113000000000000078e+01
1.116000000000000014e+01
1.119999999999999929e+01
1.117999999999999972e+01
1.133000000000000007e+01
1.135999999999999943e+01
1.143999999999999950e+01
1.142999999999999972e+01
1.138000000000000078e+01
1.136999999999999922e+01
1.125000000000000000e+01
1.111999999999999922e+01
1.108999999999999986e+01
1.111999999999999922e+01
1.100999999999999979e+01
1.097000000000000064e+01
1.100999999999999979e+01
1.106000000000000050e+01
1.105000000000000071e+01
1.092999999999999972e+01
1.099000000000000021e+01
1.113000000000000078e+01
1.111999999999999922e+01
1.109999999999999964e+01
1.101999999999999957e+01
1.100999999999999979e+01
1.108999999999999986e+01
1.086999999999999922e+01
1.099000000000000021e+01
1.098000000000000043e+01
1.096000000000000085e+01
1.093999999999999950e+01
1.093999999999999950e+01
1.092999999999999972e+01
1.091999999999999993e+01
1.097000000000000064e+01
1.100000000000000000e+01
1.097000000000000064e+01
1.093999999999999950e+01
1.092999999999999972e+01
1.081000000000000050e+01
1.085999999999999943e+01
1.075000000000000000e+01
1.080000000000000071e+01
1.077999999999999936e+01
1.076999999999999957e+01
1.072000000000000064e+01
1.058000000000000007e+01
1.058999999999999986e+01
1.053999999999999915e+01
1.063000000000000078e+01
1.063000000000000078e+01
1.057000000000000028e+01
1.058000000000000007e+01
1.048000000000000043e+01
1.049000000000000021e+01
1.050999999999999979e+01
1.050999999999999979e+01
1.049000000000000021e+01
1.041000000000000014e+01
1.043999999999999950e+01
1.036999999999999922e+01
1.041999999999999993e+01
1.043999999999999950e+01
1.046000000000000085e+01
1.057000000000000028e+01
1.050999999999999979e+01
1.040000000000000036e+01
1.041999999999999993e+01
1.017999999999999972e+01
1.003999999999999915e+01
1.007000000000000028e+01
1.008999999999999986e+01
1.016000000000000014e+01
1.021000000000000085e+01
1.005000000000000071e+01
1.007000000000000028e+01
1.009999999999999964e+01
1.006000000000000050e+01
9.990000000000000213e+00
1.007000000000000028e+01
1.003999999999999915e+01
1.008000000000000007e+01
1.014000000000000057e+01
1.015000000000000036e+01
1.010999999999999943e+01
9.980000000000000426e+00
9.970000000000000639e+00
1.006000000000000050e+01
1.019999999999999929e+01
1.022000000000000064e+01
1.014000000000000057e+01
1.022000000000000064e+01
1.034999999999999964e+01
1.025000000000000000e+01
1.032000000000000028e+01
1.040000000000000036e+01
1.048000000000000043e+01
1.048000000000000043e+01
1.032000000000000028e+01
1.033999999999999986e+01
1.040000000000000036e+01
1.048000000000000043e+01
1.051999999999999957e+01
1.048000000000000043e+01
1.058000000000000007e+01
1.043999999999999950e+01
1.042999999999999972e+01
1.035999999999999943e+01
1.032000000000000028e+01
1.039000000000000057e+01
1.033999999999999986e+01
1.033000000000000007e+01
1.016000000000000014e+01
1.021000000000000085e+01
1.035999999999999943e+01
1.030000000000000071e+01
1.022000000000000064e+01
1.006000000000000050e+01
1.013000000000000078e+01
1.011999999999999922e+01
1.005000000000000071e+01
1.001999999999999957e+01
9.949999999999999289e+00
9.900000000000000355e+00
9.910000000000000142e+00
9.949999999999999289e+00
1.021000000000000085e+01
1.022000000000000064e+01
1.009999999999999964e+01
1.017999999999999972e+01
1.013000000000000078e+01
1.008999999999999986e+01
1.014000000000000057e+01
1.010999999999999943e+01
1.009999999999999964e+01
1.011999999999999922e+01
1.013000000000000078e+01
1.018999999999999950e+01
1.028999999999999915e+01
1.033000000000000007e+01
1.017999999999999972e+01
1.033999999999999986e+01
1.022000000000000064e+01
1.000999999999999979e+01
9.990000000000000213e+00
9.939999999999999503e+00
1.005000000000000071e+01
9.960000000000000853e+00
9.960000000000000853e+00
9.859999999999999432e+00
9.759999999999999787e+00
9.789999999999999147e+00
9.779999999999999361e+00
9.669999999999999929e+00
9.470000000000000639e+00
9.359999999999999432e+00
9.240000000000000213e+00
9.250000000000000000e+00
9.300000000000000711e+00
9.369999999999999218e+00
9.380000000000000782e+00
9.359999999999999432e+00
9.279999999999999361e+00
9.169999999999999929e+00
9.140000000000000568e+00
9.189999999999999503e+00
9.279999999999999361e+00
9.199999999999999289e+00
9.359999999999999432e+00
9.529999999999999361e+00
9.599999999999999645e+00
9.589999999999999858e+00
9.589999999999999858e+00
9.599999999999999645e+00
9.470000000000000639e+00
9.460000000000000853e+00
9.300000000000000711e+00
9.250000000000000000e+00
9.189999999999999503e+00
9.250000000000000000e+00
9.250000000000000000e+00
9.179999999999999716e+00
9.039999999999999147e+00
9.119999999999999218e+00
9.060000000000000497e+00
9.080000000000000071e+00
8.929999999999999716e+00
8.970000000000000639e+00
8.949999999999999289e+00
8.939999999999999503e+00
8.939999999999999503e+00
8.869999999999999218e+00
8.589999999999999858e+00
8.679999999999999716e+00
8.580000000000000071e+00
8.630000000000000782e+00
8.400000000000000355e+00
8.509999999999999787e+00
8.660000000000000142e+00
8.589999999999999858e+00
8.560000000000000497e+00
8.570000000000000284e+00
8.570000000000000284e+00
8.580000000000000071e+00
8.439999999999999503e+00
8.529999999999999361e+00
8.650000000000000355e+00
8.710000000000000853e+00
8.679999999999999716e+00
8.689999999999999503e+00
8.839999999999999858e+00
8.849999999999999645e+00
8.929999999999999716e+00
8.939999999999999503e+00
8.880000000000000782e+00
8.849999999999999645e+00
8.929999999999999716e+00
9.130000000000000782e+00
9.140000000000000568e+00
9.150000000000000355e+00
9.150000000000000355e+00
9.089999999999999858e+00
9.259999999999999787e+00
9.349999999999999645e+00
9.330000000000000071e+00
9.349999999999999645e+00
9.310000000000000497e+00
9.199999999999999289e+00
9.310000000000000497e+00
9.179999999999999716e+00
9.199999999999999289e+00
9.210000000000000853e+00
9.160000000000000142e+00
9.160000000000000142e+00
9.160000000000000142e+00
9.099999999999999645e+00
9.130000000000000782e+00
9.109999999999999432e+00
8.960000000000000853e+00
8.990000000000000213e+00
9.089999999999999858e+00
9.140000000000000568e+00
9.259999999999999787e+00
9.369999999999999218e+00
9.339999999999999858e+00
9.320000000000000284e+00
9.390000000000000568e+00
9.369999999999999218e+00
9.339999999999999858e+00
9.380000000000000782e+00
9.419999999999999929e+00
9.259999999999999787e+00
9.369999999999999218e+00
9.330000000000000071e+00
9.589999999999999858e+00
9.740000000000000213e+00
9.769999999999999574e+00
9.769999999999999574e+00
9.710000000000000853e+00
9.640000000000000568e+00
9.650000000000000355e+00
9.630000000000000782e+00
9.599999999999999645e+00
9.710000000000000853e+00
9.480000000000000426e+00
9.460000000000000853e+00
9.460000000000000853e+00
9.240000000000000213e+00
9.250000000000000000e+00
9.199999999999999289e+00
9.150000000000000355e+00
9.099999999999999645e+00
9.050000000000000711e+00
9.070000000000000284e+00
9.250000000000000000e+00
9.230000000000000426e+00
9.160000000000000142e+00
9.230000000000000426e+00
9.199999999999999289e+00
9.310000000000000497e+00
9.269999999999999574e+00
9.169999999999999929e+00
9.300000000000000711e+00
9.220000000000000639e+00
9.109999999999999432e+00
9.150000000000000355e+00
9.279999999999999361e+00
9.240000000000000213e+00
9.250000000000000000e+00
9.369999999999999218e+00
9.349999999999999645e+00
9.220000000000000639e+00
9.519999999999999574e+00
9.539999999999999147e+00
9.669999999999999929e+00
9.640000000000000568e+00
9.830000000000000071e+00
9.730000000000000426e+00
9.580000000000000071e+00
9.699999999999999289e+00
9.740000000000000213e+00
9.750000000000000000e+00
9.640000000000000568e+00
9.539999999999999147e+00
9.640000000000000568e+00
9.609999999999999432e+00
9.539999999999999147e+00
9.609999999999999432e+00
9.730000000000000426e+00
9.619999999999999218e+00
9.640000000000000568e+00
9.609999999999999432e+00
9.660000000000000142e+00
9.669999999999999929e+00
9.669999999999999929e+00
9.630000000000000782e+00
9.580000000000000071e+00
9.539999999999999147e+00
9.560000000000000497e+00
9.480000000000000426e+00
9.470000000000000639e+00
9.609999999999999432e+00
9.570000000000000284e+00
9.560000000000000497e+00
9.570000000000000284e+00
9.500000000000000000e+00
9.449999999999999289e+00
9.189999999999999503e+00
9.150000000000000355e+00
9.269999999999999574e+00
9.269999999999999574e+00
9.220000000000000639e+00
9.240000000000000213e+00
9.289999999999999147e+00
9.240000000000000213e+00
9.259999999999999787e+00
9.199999999999999289e+00
9.230000000000000426e+00
9.369999999999999218e+00
9.339999999999999858e+00
9.300000000000000711e+00
9.250000000000000000e+00
9.050000000000000711e+00
8.939999999999999503e+00
9.009999999999999787e+00
9.089999999999999858e+00
8.960000000000000853e+00
8.859999999999999432e+00
8.800000000000000711e+00
8.580000000000000071e+00
8.580000000000000071e+00
8.750000000000000000e+00
8.720000000000000639e+00
8.810000000000000497e+00
8.789999999999999147e+00
8.669999999999999929e+00
8.740000000000000213e+00
8.759999999999999787e+00
8.830000000000000071e+00
8.890000000000000568e+00
8.800000000000000711e+00
8.859999999999999432e+00
8.830000000000000071e+00
8.730000000000000426e+00
8.910000000000000142e+00
8.900000000000000355e+00
8.880000000000000782e+00
9.080000000000000071e+00
9.109999999999999432e+00
9.169999999999999929e+00
9.000000000000000000e+00
9.070000000000000284e+00
9.109999999999999432e+00
9.019999999999999574e+00
9.070000000000000284e+00
9.000000000000000000e+00
9.060000000000000497e+00
8.900000000000000355e+00
8.880000000000000782e+00
8.779999999999999361e+00
8.679999999999999716e+00
8.820000000000000284e+00
8.820000000000000284e+00
8.890000000000000568e+00
8.939999999999999503e+00
8.890000000000000568e+00
8.859999999999999432e+00
8.919999999999999929e+00
8.859999999999999432e+00
8.720000000000000639e+00
8.640000000000000568e+00
8.730000000000000426e+00
8.550000000000000711e+00
8.439999999999999503e+00
8.359999999999999432e+00
8.339999999999999858e+00
8.400000000000000355e+00
8.529999999999999361e+00
8.810000000000000497e+00
8.660000000000000142e+00
8.480000000000000426e+00
8.390000000000000568e+00
8.529999999999999361e+00
8.580000000000000071e+00
8.480000000000000426e+00
8.509999999999999787e+00
8.470000000000000639e+00
8.349999999999999645e+00
8.359999999999999432e+00
8.419999999999999929e+00
8.320000000000000284e+00
8.400000000000000355e+00
8.339999999999999858e+00
8.300000000000000711e+00
8.240000000000000213e+00
8.160000000000000142e+00
8.080000000000000071e+00
7.830000000000000071e+00
7.879999999999999893e+00
7.950000000000000178e+00
7.950000000000000178e+00
7.839999999999999858e+00
7.849999999999999645e+00
7.849999999999999645e+00
7.599999999999999645e+00
7.549999999999999822e+00
7.580000000000000071e+00
7.889999999999999680e+00
7.929999999999999716e+00
7.910000000000000142e+00
7.910000000000000142e+00
7.929999999999999716e+00
7.830000000000000071e+00
7.750000000000000000e+00
7.860000000000000320e+00
7.860000000000000320e+00
7.769999999999999574e+00
7.610000000000000320e+00
7.559999999999999609e+00
7.599999999999999645e+00
7.540000000000000036e+00
7.379999999999999893e+00
7.389999999999999680e+00
7.360000000000000320e+00
7.040000000000000036e+00
6.870000000000000107e+00
6.860000000000000320e+00
6.969999999999999751e+00
7.089999999999999858e+00
7.379999999999999893e+00
7.440000000000000391e+00
7.370000000000000107e+00
7.309999999999999609e+00
7.400000000000000355e+00
7.389999999999999680e+00
7.459999999999999964e+00
7.400000000000000355e+00
7.349999999999999645e+00
7.219999999999999751e+00
7.030000000000000249e+00
6.959999999999999964e+00
6.980000000000000426e+00
7.009999999999999787e+00
6.980000000000000426e+00
6.990000000000000213e+00
6.809999999999999609e+00
6.849999999999999645e+00
6.929999999999999716e+00
6.980000000000000426e+00
6.849999999999999645e+00
7.000000000000000000e+00
6.969999999999999751e+00
6.950000000000000178e+00
6.929999999999999716e+00
6.900000000000000355e+00
6.879999999999999893e+00
6.900000000000000355e+00
7.110000000000000320e+00
7.150000000000000355e+00
7.110000000000000320e+00
7.370000000000000107e+00
7.370000000000000107e+00
7.360000000000000320e+00
7.360000000000000320e+00
7.429999999999999716e+00
7.379999999999999893e+00
7.379999999999999893e+00
7.160000000000000142e+00
7.080000000000000071e+00
7.089999999999999858e+00
7.240000000000000213e+00
7.209999999999999964e+00
7.339999999999999858e+00
7.309999999999999609e+00
7.330000000000000071e+00
7.309999999999999609e+00
7.110000000000000320e+00
6.990000000000000213e+00
6.839999999999999858e+00
6.910000000000000142e+00
6.940000000000000391e+00
6.910000000000000142e+00
6.799999999999999822e+00
6.860000000000000320e+00
6.860000000000000320e+00
6.889999999999999680e+00
7.049999999999999822e+00
7.059999999999999609e+00
6.990000000000000213e+00
7.089999999999999858e+00
7.150000000000000355e+00
6.990000000000000213e+00
6.950000000000000178e+00
6.929999999999999716e+00
6.950000000000000178e+00
7.009999999999999787e+00
7.009999999999999787e+00
7.059999999999999609e+00
6.820000000000000284e+00
6.769999999999999574e+00
6.629999999999999893e+00
6.730000000000000426e+00
6.599999999999999645e+00
6.519999999999999574e+00
6.830000000000000071e+00
6.820000000000000284e+00
6.809999999999999609e+00
6.799999999999999822e+00
6.709999999999999964e+00
6.589999999999999858e+00
6.639999999999999680e+00
6.660000000000000142e+00
6.820000000000000284e+00
6.919999999999999929e+00
6.709999999999999964e+00
6.709999999999999964e+00
6.839999999999999858e+00
6.879999999999999893e+00
6.910000000000000142e+00
6.959999999999999964e+00
6.820000000000000284e+00
6.980000000000000426e+00
6.900000000000000355e+00
7.030000000000000249e+00
7.200000000000000178e+00
7.309999999999999609e+00
7.429999999999999716e+00
7.469999999999999751e+00
7.389999999999999680e+00
7.410000000000000142e+00
7.339999999999999858e+00
7.309999999999999609e+00
7.169999999999999929e+00
6.980000000000000426e+00
6.809999999999999609e+00
6.750000000000000000e+00
6.660000000000000142e+00
6.589999999999999858e+00
6.549999999999999822e+00
6.559999999999999609e+00
6.759999999999999787e+00
6.690000000000000391e+00
6.700000000000000178e+00
6.580000000000000071e+00
6.620000000000000107e+00
6.889999999999999680e+00
6.860000000000000320e+00
6.820000000000000284e+00
6.719999999999999751e+00
6.570000000000000284e+00
6.419999999999999929e+00
6.530000000000000249e+00
6.440000000000000391e+00
6.440000000000000391e+00
6.509999999999999787e+00
6.589999999999999858e+00
6.660000000000000142e+00
6.549999999999999822e+00
6.589999999999999858e+00
6.679999999999999716e+00
6.610000000000000320e+00
6.459999999999999964e+00
6.459999999999999964e+00
6.519999999999999574e+00
6.580000000000000071e+00
6.469999999999999751e+00
6.559999999999999609e+00
6.480000000000000426e+00
6.610000000000000320e+00
6.610000000000000320e+00
6.599999999999999645e+00
6.719999999999999751e+00
6.650000000000000355e+00
6.759999999999999787e+00
6.790000000000000036e+00
6.799999999999999822e+00
7.009999999999999787e+00
7.000000000000000000e+00
7.040000000000000036e+00
7.120000000000000107e+00
7.160000000000000142e+00
7.089999999999999858e+00
7.160000000000000142e+00
6.980000000000000426e+00
7.019999999999999574e+00
7.009999999999999787e+00
6.919999999999999929e+00
6.959999999999999964e+00
7.009999999999999787e+00
6.950000000000000178e+00
7.000000000000000000e+00
7.019999999999999574e+00
6.980000000000000426e+00
6.900000000000000355e+00
6.860000000000000320e+00
6.940000000000000391e+00
6.879999999999999893e+00
7.150000000000000355e+00
7.379999999999999893e+00
7.150000000000000355e+00
7.269999999999999574e+00
7.169999999999999929e+00
7.240000000000000213e+00
7.230000000000000426e+00
6.990000000000000213e+00
7.030000000000000249e+00
7.089999999999999858e+00
7.019999999999999574e+00
7.110000000000000320e+00
7.179999999999999716e+00
6.959999999999999964e+00
6.900000000000000355e+00
6.879999999999999893e+00
6.830000000000000071e+00
6.980000000000000426e+00
6.910000000000000142e+00
6.919999999999999929e+00
7.000000000000000000e+00
6.860000000000000320e+00
6.759999999999999787e+00
7.019999999999999574e+00
6.919999999999999929e+00
7.150000000000000355e+00
7.150000000000000355e+00
7.059999999999999609e+00
7.040000000000000036e+00
6.889999999999999680e+00
6.910000000000000142e+00
6.919999999999999929e+00
6.759999999999999787e+00
6.580000000000000071e+00
6.669999999999999929e+00
6.639999999999999680e+00
6.860000000000000320e+00
7.000000000000000000e+00
6.849999999999999645e+00
6.959999999999999964e+00
6.969999999999999751e+00
7.059999999999999609e+00
7.120000000000000107e+00
7.099999999999999645e+00
7.059999999999999609e+00
7.139999999999999680e+00
7.250000000000000000e+00
7.169999999999999929e+00
6.990000000000000213e+00
7.019999999999999574e+00
7.059999999999999609e+00
7.080000000000000071e+00
7.339999999999999858e+00
7.500000000000000000e+00
7.450000000000000178e+00
7.599999999999999645e+00
7.610000000000000320e+00
7.629999999999999893e+00
7.679999999999999716e+00
7.769999999999999574e+00
7.759999999999999787e+00
7.870000000000000107e+00
7.940000000000000391e+00
7.900000000000000355e+00
8.029999999999999361e+00
7.870000000000000107e+00
7.830000000000000071e+00
7.719999999999999751e+00
7.889999999999999680e+00
7.679999999999999716e+00
7.919999999999999929e+00
7.730000000000000426e+00
7.799999999999999822e+00
7.750000000000000000e+00
7.540000000000000036e+00
7.629999999999999893e+00
7.469999999999999751e+00
7.410000000000000142e+00
7.400000000000000355e+00
7.320000000000000284e+00
7.240000000000000213e+00
7.299999999999999822e+00
7.009999999999999787e+00
7.049999999999999822e+00
7.259999999999999787e+00
7.250000000000000000e+00
7.330000000000000071e+00
7.330000000000000071e+00
7.349999999999999645e+00
7.339999999999999858e+00
7.299999999999999822e+00
7.219999999999999751e+00
7.120000000000000107e+00
7.070000000000000284e+00
7.160000000000000142e+00
7.230000000000000426e+00
7.339999999999999858e+00
7.190000000000000391e+00
7.209999999999999964e+00
7.269999999999999574e+00
7.219999999999999751e+00
6.879999999999999893e+00
7.019999999999999574e+00
7.120000000000000107e+00
6.959999999999999964e+00
6.990000000000000213e+00
7.139999999999999680e+00
7.280000000000000249e+00
7.330000000000000071e+00
7.089999999999999858e+00
7.209999999999999964e+00
7.230000000000000426e+00
7.339999999999999858e+00
7.589999999999999858e+00
7.620000000000000107e+00
7.559999999999999609e+00
7.530000000000000249e+00
7.490000000000000213e+00
7.500000000000000000e+00
7.519999999999999574e+00
7.450000000000000178e+00
7.530000000000000249e+00
7.589999999999999858e+00
7.570000000000000284e+00
7.639999999999999680e+00
7.700000000000000178e+00
7.660000000000000142e+00
7.849999999999999645e+00
7.889999999999999680e+00
7.980000000000000426e+00
7.959999999999999964e+00
7.919999999999999929e+00
7.969999999999999751e+00
8.210000000000000853e+00
8.279999999999999361e+00
8.390000000000000568e+00
8.390000000000000568e+00
8.429999999999999716e+00
8.619999999999999218e+00
8.730000000000000426e+00
8.769999999999999574e+00
8.820000000000000284e+00
8.910000000000000142e+00
8.839999999999999858e+00
8.990000000000000213e+00
8.859999999999999432e+00
8.859999999999999432e+00
8.929999999999999716e+00
9.119999999999999218e+00
9.099999999999999645e+00
9.019999999999999574e+00
9.029999999999999361e+00
8.949999999999999289e+00
8.919999999999999929e+00
8.759999999999999787e+00
8.669999999999999929e+00
8.599999999999999645e+00
8.480000000000000426e+00
8.369999999999999218e+00
8.279999999999999361e+00
8.429999999999999716e+00
8.400000000000000355e+00
8.279999999999999361e+00
8.300000000000000711e+00
8.240000000000000213e+00
8.429999999999999716e+00
8.429999999999999716e+00
8.460000000000000853e+00
8.570000000000000284e+00
8.769999999999999574e+00
8.689999999999999503e+00
8.619999999999999218e+00
8.730000000000000426e+00
8.779999999999999361e+00
8.859999999999999432e+00
8.880000000000000782e+00
9.089999999999999858e+00
9.070000000000000284e+00
9.119999999999999218e+00
9.029999999999999361e+00
9.279999999999999361e+00
9.310000000000000497e+00
9.550000000000000711e+00
9.619999999999999218e+00
9.509999999999999787e+00
9.529999999999999361e+00
9.609999999999999432e+00
